0.0017888545989990234,117.14754098360656,116.27319015487362,-20.201613592626035,-0.8743508287329433
0.013176441192626953,117.14754098360656,116.64847751068429,1.5804411592718557,-0.4990634729222734
0.024464845657348633,117.14754098360656,117.07189332128597,5.731680502997756,-0.07564766232059128
0.03576850891113281,117.44262295081967,117.54171871329325,3.4174822068015374,0.09909576247358132
0.0470426082611084,117.44262295081967,118.057380728911,12.711012757215993,0.6147577780913309
0.05832362174987793,117.73770491803279,118.61658753695869,11.08149709453724,0.8788826189258998
0.06959772109985352,118.32786885245902,119.2193391374363,7.4145894781448405,0.8914702849772738
0.08115196228027344,118.62295081967213,119.86334369916335,15.291716267180105,1.2403928794912247
0.09242773056030273,118.91803278688525,120.54745530654957,19.05212032331169,1.6294225196643168
0.10370516777038574,119.50819672131148,121.27052804400465,16.29515202789851,1.7623313226931714
0.1149911880493164,119.80327868852459,122.03027008034813,25.045634438918913,2.226991391823546
0.12626385688781738,120.39344262295081,122.82553549998971,22.825008546959996,2.4320928770388974
0.13756608963012695,120.98360655737704,123.65403247174889,25.26653043291842,2.6704259143718474
0.14884066581726074,121.57377049180329,124.51461508003537,27.952028208660277,2.940844588232082
0.16011548042297363,122.1639344262295,125.40499149366867,30.845889338657503,3.241057067439172
0.17139005661010742,122.75409836065575,126.32344283926338,33.94291726759205,3.5693444786076327
0.1826624870300293,123.63934426229508,127.26767728563897,30.398294648682274,3.6283330233438846
0.19393658638000488,124.52459016393442,128.23540300161494,31.436191009151894,3.710812837680521
0.20521235466003418,125.40983606557377,129.22490111380586,32.62515066357018,3.8150650482320856
0.21650314331054688,126.59016393442623,130.23330683323613,27.1070886252686,3.6431428988098986
0.22777962684631348,127.47540983606558,131.2594742443154,32.95899283738266,3.784064408249833
0.23905301094055176,128.36065573770492,132.299965600273,34.44985494688924,3.9393098625680807
0.25032734870910645,129.24590163934425,133.35306202772344,36.01782393217742,4.107160388379185
0.2615995407104492,130.4262295081967,134.41647169548628,30.818009738120935,3.9902421872895673
0.2728757858276367,131.31147540983608,135.48732981458576,36.87905149349626,4.1758544047496855
0.2841508388519287,132.4918032786885,136.56449046943172,31.730847217841394,4.07268719074321
0.2954225540161133,133.672131147541,137.64508887104844,30.993277636092934,3.9729577235074487
0.30669736862182617,134.55737704918033,138.72626023046033,37.03469147012717,4.168883181279995
0.31801772117614746,135.7377049180328,139.80743158987218,31.824421950818675,4.0697266718393905
0.32929301261901855,136.91803278688525,140.8857381603084,30.973725814267524,3.9677053734231436
0.34056782722473145,137.80327868852459,141.95888811058842,36.864160178394854,4.155609422063833
0.351839542388916,138.98360655737704,143.025735525122,31.443198960166903,4.042128967744958
0.3631165027618408,140.1639344262295,144.08456153052376,30.35713967662896,3.9206271042942547
0.3743908405303955,141.34426229508196,145.1336472534083,29.165784165834758,3.7893849583263375
0.3856649398803711,142.22950819672133,146.17070086259508,34.65969800522851,3.941192665873757
0.3970494270324707,143.40983606557376,147.19572235808414,28.812798832898093,3.7858862925103836
0.4083523750305176,144.29508196721312,148.2064199086949,34.058710812912814,3.9113379414817757
0.41968345642089844,145.47540983606558,149.20222055663228,27.93187328559043,3.7268107205667036
0.43096137046813965,146.36065573770492,150.181978386306,32.90096735335942,3.8213226486010967
0.44223451614379883,147.54098360655738,151.14454748212577,26.469997526003347,3.6035638755683976
0.4535555839538574,148.4262295081967,152.0893548862965,31.12946651924579,3.663125378099778
0.46483612060546875,149.31147540983608,153.01582764102304,31.20579474307555,3.7043522311869594
0.47611355781555176,150.19672131147541,153.92281983071513,31.107243863826863,3.726098519239713
0.48738861083984375,151.37704918032787,154.81090441316792,24.046368746797587,3.4338552328400453
0.49866294860839844,152.2622950819672,155.6789354727911,28.0484134020562,3.4166403908238863
0.5103671550750732,152.85245901639342,156.52691300958475,34.27940018075432,3.674453993191321
0.5216562747955322,153.7377049180328,157.35483702354878,29.105061060838636,3.617132105515992
0.5329456329345703,154.62295081967213,158.1621345568881,28.180916231803167,3.5391837372159785
0.5442180633544922,155.5081967213115,158.94880560960272,27.089233607916487,3.440608888291223
0.5554890632629395,156.39344262295083,159.71542313948777,25.843154262691595,3.3219805165369394
0.5667734146118164,157.27868852459017,160.46084123095295,24.407513541702798,3.1821527063627855
0.5780553817749023,157.8688524590164,161.1867787573837,29.65689492322165,3.317926298367297
0.5893769264221191,158.75409836065575,161.89208980318975,23.478544433184766,3.137991442534002
0.6006529331207275,159.34426229508196,162.57792028396136,28.40266268381064,3.2336579888794006
0.6121692657470703,160.22950819672133,163.24369724190336,21.912098577732888,3.014189045182036
0.6234564781188965,160.81967213114754,163.88999363481093,26.51522303517994,3.0703215036633935
0.6347382068634033,161.40983606557376,164.5173824204792,26.547735689519175,3.107546354905452
0.6460123062133789,162.0,165.12586359890813,26.427182816264935,3.1258635989081256
0.6572861671447754,162.59016393442624,165.71601012789287,26.16671356763554,3.1258461934666286
0.6685585975646973,163.47540983606558,166.28782200743345,18.939867075982043,2.8124121713678676
0.6798324584960938,164.06557377049182,166.8412992375298,22.80696044713796,2.7757254670379723
0.6911020278930664,164.65573770491804,167.3781606915674,22.138769103146437,2.722422986649349
0.7023735046386719,165.24590163934425,167.8972604539559,21.309185321333732,2.6513588146116547
0.7138354778289795,165.8360655737705,168.39974444028564,20.36179039154244,2.563678866515147
0.7251291275024414,166.42622950819674,168.88618560835172,19.29255550374099,2.459956100154983
0.7364284992218018,167.01639344262296,169.356011000359,18.079572871787086,2.339617557736034
0.747708797454834,167.60655737704917,169.81093948969288,16.77107282236815,2.2043821126437138
0.7589964866638184,167.9016393442623,170.2498251607631,22.132506531189247,2.348185816500802
0.7702775001525879,168.4918032786885,170.67381392915988,16.14706008811024,2.182010650471369
0.7815608978271484,168.78688524590166,171.08347875267842,21.297345548688085,2.296593506776759
0.7928400039672852,169.37704918032787,171.4788196313187,15.088068436571543,2.101770450990813
0.8041234016418457,169.672131147541,171.8604095228758,20.019032234071325,2.188278375334818
0.8156156539916992,170.2622950819672,172.2282484273498,13.594945157738021,1.9659533453825873
0.8268983364105225,170.55737704918033,172.58233634474067,18.302375364816612,2.024959295560336
0.8381826877593994,171.14754098360658,172.92381919063862,11.681101474720013,1.7762782070320497
0.8494656085968018,171.44262295081967,173.2521240072486,16.187270278677417,1.8095010564289282
0.860783576965332,171.7377049180328,173.5683967101608,16.1870377837963,1.8306917921280217
0.872067928314209,172.327868852459,173.87206434158014,9.258369867649725,1.5441954891211367
0.8833494186401367,172.62295081967213,174.16427281709687,13.496680967954259,1.5413219974247454
0.8946266174316406,172.91803278688525,174.44444917891585,13.202638015837856,1.5264163920305975
0.9059057235717773,173.21311475409834,174.71373934262732,12.837484371428761,1.5006245885289786
0.9172165393829346,173.5081967213115,174.97099739264107,12.357504099802066,1.4628006713295747
0.9285025596618652,173.80327868852459,175.2173692445473,11.806305419818276,1.4140905560227282
0.939784049987793,174.39344262295083,175.45342785614122,4.362106122589934,1.059985233190389
0.9510667324066162,174.68852459016392,175.67860026962762,8.063428629681995,0.9900756794637005
0.9623477458953857,174.98360655737704,175.89288648500656,7.249963683872441,0.9092799276295125
0.9736511707305908,175.57377049180326,176.09743241786825,-0.44341466370273075,0.5236619260649888
0.984950065612793,175.57377049180326,176.2916651104176,9.83100466236257,0.7178946186143378
0.9962453842163086,175.8688524590164,176.4755845626546,4.352511819060517,0.6067321036381941
1.0075874328613281,175.8688524590164,176.64976373237437,10.047158647214006,0.7809112733579582
1.0189433097839355,176.1639344262295,176.81420261957692,4.41967221368273,0.650268193347415
1.0302233695983887,176.45901639344262,176.96947418205735,3.1520972161223355,0.5104577886147297
1.0415093898773193,176.75409836065575,177.11443250422548,1.7830906570479073,0.36033414356973026
1.052797555923462,176.75409836065575,177.25022350167146,7.174049161887813,0.49612514101571037
1.0640792846679688,177.04918032786884,177.37627421660025,1.2340996137078482,0.32709388873141165
1.0753602981567383,177.34426229508196,177.49315760680696,-0.346118922910692,0.14889531172499915
1.086677074432373,177.63934426229508,177.6003007144964,-2.014711427486242,-0.03904354779868413
1.0979547500610352,177.63934426229508,177.69827649746378,3.067889033420813,0.05893223516869739
1.1092302799224854,177.34426229508196,177.78708495570905,10.468202383503835,0.44282266062708686
1.1205265522003174,177.34426229508196,177.86615313143713,6.538773747877561,0.5218908363551691
1.131828784942627,177.63934426229508,177.93605398244307,0.1524618632551249,0.29670972014798735
