0.011872291564941406,90.0,90.00021045914971,0.004233322658731285,0.00021045914971296042
0.03477931022644043,90.29508196721312,93.84189247550188,71.33987343298818,3.5468105082887575
0.04688763618469238,90.88524590163935,95.4983134612251,39.604983415014964,4.613067559585744
0.0591435432434082,92.06557377049181,96.81840822120651,26.444178148081853,4.752834450714701
0.07077383995056152,92.06557377049181,97.9654697270584,47.44281117482496,5.899895956566596
0.08236980438232422,93.24590163934427,98.9985126316793,27.302025228013854,5.752610992335036
0.09408140182495117,94.72131147540983,99.94733074041594,18.9461023454479,5.2260192650061015
0.10574007034301758,95.90163934426229,100.82853982932714,20.852856023043127,4.926900485064849
0.1172170639038086,97.08196721311475,101.65073426533988,18.15904759290057,4.568767052225127
0.12857842445373535,98.26229508196721,102.4207895419957,15.300012180384229,4.158494460028493
0.13992953300476074,99.14754098360656,103.14328932165566,18.200056567516917,3.995748338049097
0.1512775421142578,100.32786885245902,103.82167135109056,10.563538438264317,3.4938024986315384
0.16270947456359863,101.21311475409836,104.45708154589065,13.083776608911815,3.243966791792289
0.1740889549255371,102.09836065573771,105.0512387794413,10.991397623418399,2.9528781237035986
0.1853930950164795,102.98360655737704,105.60528896733281,8.709703748606653,2.621682409955767
0.1966860294342041,103.8688524590164,106.11923210956516,6.221317747506911,2.2503796505487657
0.2080364227294922,104.75409836065573,106.59478707952374,3.5606257394905896,1.8406887188680088
0.21933722496032715,105.63934426229508,107.0308079616183,0.6786144510428738,1.3914636993232108
0.23064064979553223,106.52459016393442,107.4284406714391,-2.384663445870425,0.9038505075046857
0.24207806587219238,107.11475409836066,107.78711225119099,0.277383262224403,0.6723581528303271
0.2534170150756836,107.70491803278688,108.10682270087399,-1.6871620439062482,0.4019046680871128
0.26481175422668457,108.0,108.38699906269296,2.0717073983603096,0.3869990626929649
0.2761564254760742,108.29508196721312,108.62764133664791,1.2020722768869763,0.33255936943479014
0.2874448299407959,108.88524590163934,108.8281765649437,-5.817033830405689,-0.05706933669563341
0.2987339496612549,109.18032786885246,108.98860474758033,-2.681391944952728,-0.1917231212721333
0.310025691986084,109.47540983606558,109.10892588455779,-4.177747946916345,-0.3664839515077887
0.32132601737976074,109.47540983606558,109.18742110249072,0.020849792201809603,-0.28798873357486343
0.33263731002807617,109.47540983606558,109.22466335917423,-0.4088152033280186,-0.25074647689135077
0.3439629077911377,109.77049180327869,109.22065265460832,-6.984786927055585,-0.5498391486703724
0.35530567169189453,109.77049180327869,109.17367011540759,-3.4460207756298664,-0.596821687871099
0.3667004108428955,109.77049180327869,109.0848616571623,-4.5304432446183345,-0.685630146116381
0.3780202865600586,109.47540983606558,108.95250840648708,0.07170048191873502,-0.5229014295784964
0.3893146514892578,109.47540983606558,108.77718332117705,-5.898299396354322,-0.6982265148885318
0.4006030559539795,109.47540983606558,108.55831344343709,-7.674206711099785,-0.9170963926284941
0.4119291305541992,109.18032786885246,108.29532581547203,-3.7499008923727235,-0.8850020533804326
0.4232151508331299,109.18032786885246,107.98879339507704,-10.401283167263582,-1.1915344737754197
0.43450164794921875,108.88524590163934,107.6387161822521,-6.915109940273606,-1.2465297193872402
0.4458332061767578,108.59016393442623,107.24394826140697,-8.101192997299385,-1.346215673019259
0.45711684226989746,108.0,106.80506259033676,-3.5693140225549733,-1.1949374096632397
0.46851134300231934,107.70491803278688,106.32320508463174,-9.601038102823717,-1.3817129481551405
0.47981882095336914,107.40983606557377,105.79665687090652,-11.461773185018735,-1.6131791946672536
0.4911072254180908,107.11475409836066,105.2277097803416,-13.506076226236653,-1.8870443180190648
0.5023913383483887,106.81967213114754,104.61579085514188,-15.780048843067142,-2.20388127600566
0.5137052536010742,106.52459016393442,103.96090009530735,-18.275298636207268,-2.563690068627068
0.5250053405761719,106.22950819672131,103.26475637422341,-20.957452950794377,-2.9647518224979024
0.5362908840179443,106.22950819672131,102.52793264968516,-29.776449148267226,-3.701575547036157
0.5476164817810059,105.9344262295082,101.75100187948776,-28.43373480265254,-4.183424350020445
0.5589570999145508,105.63934426229508,100.93510997922147,-31.70160041271796,-4.7042342830736175
0.5702791213989258,105.34426229508196,100.08140286447654,-35.14813857310871,-5.262859430605417
0.5815670490264893,104.75409836065573,99.19102645084324,-32.83218075496213,-5.563071909812493
0.5928504467010498,104.45901639344262,98.26569961170696,-41.03232653010505,-6.1933167817356605
0.6041257381439209,103.57377049180327,97.30599530486283,-33.10547052330428,-6.26777518694044
0.6154072284698486,102.98360655737704,96.3147783192865,-40.08511479658012,-6.668828238090541
0.6266908645629883,102.09836065573771,95.29204865497799,-36.866107163009346,-6.806312000759718
0.6379640102386475,101.21311475409836,94.24124405870806,-38.1660038642609,-6.971870695390294
0.6492390632629395,100.32786885245902,93.16293748827185,-39.59874867171909,-7.164931364187169
0.660616397857666,99.14754098360656,92.0594207748499,-35.19148046903967,-7.0881202087566635
0.6719164848327637,98.26229508196721,90.9329857496227,-41.228408829710816,-7.329309332344508
0.6831951141357422,97.08196721311475,89.78535128597565,-36.98740169206997,-7.296615927139101
0.6944725513458252,95.90163934426229,88.61880921508929,-37.234799674660046,-7.282830129173007
0.7057170867919922,94.72131147540983,87.43450545255388,-37.55578985442297,-7.286806022855956
0.7169897556304932,93.54098360655738,86.23587774514021,-37.89849520019324,-7.305105861417161
0.7282767295837402,92.36065573770492,85.02349905064338,-38.30302436191275,-7.337156687061537
0.7395501136779785,90.88524590163935,83.8008071158342,-32.773401845274414,-7.084438785805148
0.7508854866027832,89.40983606557377,82.56952081409806,-31.686995570437297,-6.840315251475715
0.7623002529144287,88.22950819672131,81.33078606102522,-36.55583502108829,-6.89872213569609
0.7736165523529053,86.75409836065573,80.08804060338646,-31.03218157907851,-6.666057757269272
0.7848944664001465,85.27868852459017,78.84185739897693,-29.94265279916835,-6.436831125613239
0.7961905002593994,84.09836065573771,77.5956741945674,-34.73596569842912,-6.502686461170313
0.8074691295623779,82.62295081967213,76.35006394795298,-29.156348489507216,-6.272886871719152
0.8187873363494873,81.14754098360656,75.10731849031423,-27.952850726829794,-6.040222493292333
0.8300619125366211,79.9672131147541,73.86972965283164,-32.622992654655064,-6.097483461922465
0.8414435386657715,78.49180327868852,72.6384433510955,-26.8822646414976,-5.853359927593019
0.8527538776397705,77.01639344262296,71.41575141628633,-25.488283679697094,-5.600642026336629
0.8641602993011475,75.8360655737705,70.20279976399438,-29.96159283281703,-5.63326580977612
0.8754441738128662,74.36065573770492,69.00188022540017,-23.97742244398318,-5.358775512304746
0.8867237567901611,73.18032786885246,67.81356575829885,-28.28061117875802,-5.3667621105536085
0.8980159759521484,72.0,66.64072115166606,-28.03551241237478,-5.359278848333943
0.9092917442321777,70.52459016393442,65.48391936329692,-21.764244659257276,-5.0406708006375
0.9205656051635742,69.34426229508196,64.34487926657684,-25.73656537735578,-4.999383028505122
0.9319417476654053,67.8688524590164,63.225319734891215,-19.221556942064208,-4.64353272412518
0.9432296752929688,66.68852459016394,62.1263866838303,-22.94390377013522,-4.562137906333639
0.9545984268188477,65.21311475409836,61.04979898677948,-16.164080405527876,-4.163315767318878
0.9659793376922607,63.73770491803279,59.99727551712416,-13.659747680423514,-3.7404294009086314
0.9772613048553467,62.26229508196721,58.96996219045459,-11.007296337213571,-3.292332891512622
0.9885458946228027,60.786885245901644,57.96957788015617,-8.189221999595304,-2.817307365745471
0.9998297691345215,59.31147540983606,56.996695544024035,-5.219656327810352,-2.314779865812028
1.0111031532287598,57.540983606557376,56.05417997103383,3.8860451872024733,-1.4868036355235432
1.0223779678344727,56.0655737704918,55.14203116118556,2.789240319841314,-0.9235426093062458
1.0336508750915527,55.18032786885246,54.26311390345487,-5.536716950052371,-0.9172139653975862
1.044926643371582,54.295081967213115,53.418574113432044,-4.817166290986915,-0.8765078537810709
1.0562012195587158,53.114754098360656,52.60955770670732,2.0369411151133483,-0.5051963916533353
1.0675835609436035,52.52459016393443,51.83835651446123,-7.176615369712586,-0.6862336494731949
1.0788726806640625,51.63934426229508,51.10611645228404,-1.3866152415378394,-0.5332278100110415
1.0901460647583008,51.049180327868854,50.414556393561135,-5.723761625567565,-0.6346239343077187
1.1014227867126465,50.16393442622951,49.76539521167791,0.5429708188698008,-0.39853921455159735
1.1127021312713623,49.57377049180328,49.160924737814895,-3.2879448605895725,-0.4128457539883854
1.1240029335021973,48.68852459016394,48.60171792976721,3.482891411786674,-0.08680666039672502
1.135277271270752,48.39344262295082,48.09006661871539,-5.764330363904529,-0.30337600423543165
1.1465506553649902,47.80327868852459,47.62768967804481,0.053180969752913976,-0.17558901047978281
1.1580555438995361,47.21311475409836,47.216305981140884,1.73166163875881,0.00319122704252095
