0.0014126300811767578,177.93442622950818,177.93605398244307,0.03760874323484617,0.0016277529348940334
0.012879371643066406,177.93442622950818,177.81802467664613,-2.713831601996282,-0.1164015528620439
0.02444148063659668,177.93442622950818,177.68509846817577,-4.015159271185924,-0.24932776133240964
0.03589153289794922,177.63934426229508,177.537275357032,1.3799337072163071,-0.10206890526308143
0.04728841781616211,177.63934426229508,177.37570125880512,-4.562549924980923,-0.2636430034899604
0.058717966079711914,177.63934426229508,177.19980321569994,-6.204249090226352,-0.4395410465951386
0.0701131820678711,177.34426229508196,177.01072714330678,-1.1186098885209863,-0.33353515177518034
0.08158421516418457,177.34426229508196,176.80904599942073,-7.370048251177692,-0.535216295661229
0.09297394752502441,177.04918032786884,176.59418682624667,-2.493823020042314,-0.45499350162216956
0.10440206527709961,176.75409836065575,176.36729553937488,-2.1237781880041298,-0.38680282128086674
0.11579442024230957,176.1639344262295,176.12894509660046,4.980088814184228,-0.03498932962904178
0.1271810531616211,175.8688524590164,175.87913549792341,0.7487264828723966,0.010283038907004993
0.13856768608093262,175.8688524590164,175.61843970113887,-5.953608890853342,-0.250412757877541
0.14996123313903809,175.8688524590164,175.347430664042,-8.305931378459,-0.5214217949744011
0.1614212989807129,175.8688524590164,175.0666813444279,-10.729875309330431,-0.8021711145885035
0.1728382110595703,175.57377049180326,174.77619174229656,-6.416300501851871,-0.7975787495066982
0.18427705764770508,175.27868852459017,174.47596185764803,-6.607875686172174,-0.8027266669421351
0.19570326805114746,174.98360655737704,174.16771056386764,-6.83870307951394,-0.8158959935094003
0.20712542533874512,174.98360655737704,173.8508649031603,-13.96562182911942,-1.132741654216744
0.21854114532470703,174.39344262295083,173.52599783332113,-3.08865633705983,-0.8674447896297011
0.22995805740356445,174.0983606557377,173.19425526994038,-7.919218372650778,-0.9041053857973225
0.24138283729553223,173.80327868852459,172.85506425522294,-8.392685035322792,-0.9482144333016436
0.25279784202575684,173.21311475409834,172.50957070475906,-2.082470110259398,-0.7035440493392855
0.26429295539855957,172.91803278688525,172.1577746185487,-7.066195231922729,-0.7602581683365486
0.2757260799407959,172.62295081967213,171.8002489543871,-7.661799545240783,-0.8227018652850404
0.2871551513671875,172.0327868852459,171.43813962786442,-1.4598774905512188,-0.5946472573814958
0.29857850074768066,171.7377049180328,171.0703007233904,-6.564518659545793,-0.667404194642387
0.3100113868713379,171.44262295081967,170.69845111435052,-7.249994734462048,-0.7441718364691496
0.3214542865753174,171.14754098360658,170.32316375853983,-7.9550991566227705,-0.8243772250667405
0.33288002014160156,170.85245901639342,169.9432927403681,-8.714918486299677,-0.9091662760253314
0.34431004524230957,170.55737704918033,169.56112989101584,-9.459333460978828,-0.9962471581644934
0.35593533515930176,169.9672131147541,169.17552929489278,-3.4314280280410934,-0.791683819861305
0.36736631393432617,169.672131147541,168.7876368675892,-8.647956853794689,-0.884494279951781
0.3787856101989746,169.08196721311475,168.39802556690026,-2.6262486388433937,-0.6839416462144925
0.39020562171936035,168.78688524590166,168.0066953928259,-7.861538615707646,-0.7801898530757683
0.40161657333374023,168.19672131147541,167.6142193031613,-1.8539640582335712,-0.5825020083141226
0.41303253173828125,167.9016393442623,167.22059729790644,-7.098757506040165,-0.6810420463558557
0.4244530200958252,167.60655737704917,166.8264023348564,-7.913833867945292,-0.7801550421927743
0.43590235710144043,167.01639344262296,166.4322073718064,-1.9030013661334024,-0.5841860708165427
0.4473121166229248,166.72131147540983,166.0380124087564,-7.13525764622231,-0.6832990666534329
0.45925235748291016,166.42622950819674,165.6438174457064,-7.941750249195481,-0.7824120624903514
0.47069859504699707,166.1311475409836,165.25076839824666,-8.722232647308475,-0.8803791427369276
0.48212599754333496,165.54098360655738,164.85886526637717,-2.676107860748508,-0.6821183401802102
0.49360108375549316,165.24590163934425,164.46868100789305,-7.850535764426964,-0.7772206314512005
0.5050256252288818,164.65573770491804,164.07964266499923,-1.780707877651552,-0.5760950399188118
0.5164515972137451,164.36065573770492,163.69232319549081,-6.931419216607001,-0.6683325422141024
0.527867317199707,163.77049180327867,163.30786851495802,-0.7981472466941568,-0.4626232883206569
0.539276123046875,163.47540983606558,162.92570566560576,-5.897938042111643,-0.5497041704598189
0.550689697265625,163.18032786885246,162.54583464743402,-6.553334005308986,-0.6344932214184382
0.5622110366821289,162.88524590163934,162.16940137603308,-7.164077836938677,-0.7158445256062578
0.5736472606658936,162.29508196721312,161.79583289360778,-0.9427998035461567,-0.4992490736053412
0.585059642791748,162.0,161.42570215795328,-5.9280573344133325,-0.5742978420467182
0.5964853763580322,161.40983606557376,161.05958212686468,0.37144216579498135,-0.3502539387090735
0.6079065799713135,161.11475409836066,160.69689984254686,-4.5527476243913725,-0.41785425581380764
0.6194672584533691,161.11475409836066,160.33822826279498,-11.827706031515731,-0.7765258355656783
0.6308834552764893,160.81967213114754,159.98356738760899,-7.827834801705771,-0.8361047435385558
0.6423342227935791,160.52459016393442,159.63349017478404,-8.208729525694672,-0.8910999891503764
0.653815507888794,160.22950819672133,159.28799662432016,-8.552733519000945,-0.9415115724011685
0.6655874252319336,159.93442622950818,158.94708673621733,-8.859825238409101,-0.9873394932908468
0.6770801544189453,159.63934426229508,158.61133346827066,-9.116745122741495,-1.028010794024425
0.6884973049163818,159.34426229508196,158.28016386268504,-9.345301320774674,-1.0640984323969178
0.6999814510345459,159.04918032786884,157.95472383505074,-9.510401886432758,-1.0944564928180966
0.7113981246948242,158.75409836065575,157.63386746977747,-9.655684660492334,-1.1202308908782754
0.7228090763092041,158.45901639344262,157.3187406824555,-9.737463329945411,-1.1402757109871118
0.7342257499694824,157.8688524590164,157.00877051528977,-2.968357389731503,-0.8600819437266409
0.7456474304199219,157.57377049180326,156.70452992607528,-7.38691349752837,-0.8692405657279778
0.7572369575500488,157.27868852459017,156.40659187260727,-7.319608614261352,-0.8720966519829005
0.768688440322876,156.98360655737704,156.1138104392954,-7.227713029073326,-0.8697961180816378
0.7800998687744141,156.68852459016392,155.82733154173,-7.067537736057914,-0.8611930484339325
0.7915184497833252,156.39344262295083,155.5465822221159,-6.869479865120727,-0.8468604008349416
0.8029952049255371,155.80327868852459,155.2715624804531,0.19286220755228456,-0.5317162080714866
0.8144090175628662,155.80327868852459,155.00341823233185,-10.732192159644423,-0.7998604561927323
0.8258287906646729,155.5081967213115,154.74100356216195,-5.95901968397605,-0.7671931591495422
0.8372511863708496,155.5081967213115,154.4848914277385,-12.370028979685635,-1.023305293573003
0.8486723899841309,155.21311475409834,154.23565478685657,-7.473913986928299,-0.9774599672417708
0.8607959747314453,154.91803278688525,153.99214772392597,-6.974565252767186,-0.9258850629592814
0.8722736835479736,154.327868852459,153.75551615453693,0.4157187576748065,-0.5723526979220708
0.8837966918945312,154.0327868852459,153.5257600786895,-3.380621653327422,-0.5070268065564107
0.8951895236968994,154.0327868852459,153.30230653858845,-9.52572005777581,-0.7304803466574583
0.9065947532653809,154.0327868852459,153.085728492029,-11.181321006231467,-0.9470583932169063
0.9181075096130371,153.7377049180328,152.875452981216,-5.977673749100098,-0.86225193681679
0.9295997619628906,153.7377049180328,152.67262592173967,-11.94008154028774,-1.0650789962931242
0.9411511421203613,153.44262295081967,152.4761013980098,-6.62554135497766,-0.9665215528098656
0.9525413513183594,153.14754098360658,152.2864523678215,-5.672449278447819,-0.8610886157850643
0.9640398025512695,152.85245901639342,152.10425178896992,-4.6498998366367434,-0.7482072274235065
0.9754705429077148,152.55737704918033,151.92892670365987,-3.5796904067237483,-0.6284503455204629
0.9868912696838379,152.2622950819672,151.76047711189142,-2.4531943069568447,-0.5018179700757912
0.9983341693878174,151.9672131147541,151.59890301366454,-1.270379222519832,-0.3683101010895484
1.0097551345825195,151.9672131147541,151.44535032456946,-6.82251713052367,-0.5218627901846276
1.0211727619171143,151.672131147541,151.29867312901598,-1.0928318214474726,-0.3734580185250138
1.0327796936035156,151.37704918032787,151.15887142700404,0.2670452943650701,-0.21817775332382894
1.0442614555358887,151.37704918032787,151.02709113412396,-5.107928251999714,-0.34995804620390913
1.0557565689086914,151.08196721311475,150.90218633478543,0.7990237489762371,-0.17978087832932488
1.0673327445983887,151.08196721311475,150.78530294457875,-4.4550344049789725,-0.2966642685360057
1.0787994861602783,151.08196721311475,150.67586800570876,-5.231639306050132,-0.4060992074059868
1.0902068614959717,151.08196721311475,150.57388151817548,-5.948391087785431,-0.5080856949392683
1.101606845855713,150.78688524590163,150.47991643977403,0.22576360337453405,-0.3069688061275997
1.1130800247192383,150.4918032786885,150.3939727705044,2.039645150305817,-0.09783050818410288
1.1245412826538086,150.78688524590163,150.3160505103666,-9.716039893909866,-0.4708347355350213
1.1359472274780273,150.78688524590163,150.2455767015655,-5.751465617109809,-0.5413085443361183
1.1473872661590576,150.78688524590163,150.18369725969137,-6.126608575921181,-0.6031879862102585
