0.004181385040283203,219.8360655737705,-140.16393442622953,-1087.92
0.015522241592407227,219.8360655737705,-140.44692268568164,-1096.6951905200644
0.026891708374023438,218.65573770491804,-140.72434974420952,-1101.8928500129716
0.03817176818847656,217.18032786885246,-140.99654057406346,-1106.1630841000806
0.0494534969329834,215.11475409836066,-141.26380531934942,-1108.6084853316527
0.06077718734741211,213.04918032786884,-141.52644052632778,-1111.0003332999047
0.07221746444702148,210.39344262295083,-141.7847302956848,-1111.5559092974318
0.08350038528442383,207.7377049180328,-142.0389473656999,-1112.0464337429648
0.09477949142456055,204.78688524590163,-142.28935413462946,-1111.5808722997317
0.10654616355895996,202.13114754098362,-142.5362036301268,-1111.9368893972344
0.11801505088806152,199.18032786885246,-142.77974043311218,-1111.33816229244
0.12932562828063965,196.2295081967213,-143.02020156319693,-1110.6705802810193
0.14063024520874023,193.27868852459017,-143.25781733254814,-1109.9347717015364
0.15192866325378418,190.91803278688525,-143.49281217495624,-1110.9148276048065
0.16321372985839844,187.672131147541,-143.7254054568431,-1109.1656483377308
0.1745297908782959,184.72131147540983,-143.95581227702363,-1108.2353065044324
0.18583941459655762,181.7704918032787,-144.18424426222154,-1107.2391476370738
0.1972057819366455,178.81967213114754,-144.4109103656503,-1106.1777597458963
0.20873188972473145,175.5737704918033,-144.63601767641526,-1104.1599920998592
0.2200162410736084,172.62295081967213,-144.85977224809784,-1102.9634167060042
0.23144149780273438,169.672131147541,-145.08237995566637,-1101.703380056587
0.24279093742370605,166.72131147540983,-145.30404739085884,-1100.3804812408289
0.2541816234588623,163.7704918032787,-145.52498280743444,-1098.9953289155978
0.26547884941101074,160.81967213114754,-145.7453971292516,-1097.5485443883847
0.27681565284729004,157.86885245901638,-145.96550503606045,-1096.0407649573094
0.2881598472595215,154.62295081967213,-146.18552614428208,-1093.5809098571485
0.2994997501373291,151.672131147541,-146.40568630299032,-1091.9466433007917
0.3108081817626953,148.72131147540983,-146.62621902895003,-1090.253428133373
0.32210779190063477,145.47540983606558,-146.84736710906927,-1087.6102685484911
0.3334517478942871,142.52459016393442,-147.0693844042152,-1085.7949288580348
0.3447403907775879,139.5737704918033,-147.29253789531646,-1083.9229890994616
0.3560445308685303,136.62295081967213,-147.5171100213965,-1081.9953277998118
0.3673388957977295,133.672131147541,-147.74340137015935,-1080.0128845450965
0.3786313533782959,131.01639344262296,-147.97173379562,-1078.8684075059657
0.3899853229522705,128.0655737704918,-148.20245405491667,-1076.7860058796211
0.40131163597106934,125.40983606557377,-148.4359380790181,-1075.5438518683525
0.4126248359680176,123.04918032786885,-148.67259602111895,-1075.149737561218
0.4239225387573242,120.39344262295081,-148.91287826425008,-1073.8281102353758
0.4352097511291504,117.44262295081967,-149.1572826189537,-1071.574062205628
0.4465506076812744,114.78688524590164,-149.40636300688945,-1070.1663417162426
0.4579031467437744,111.8360655737705,-149.66074001267367,-1067.8299434401035
0.46919822692871094,108.88524590163935,-149.92111380224557,-1065.4523457059113
0.4804878234863281,106.22950819672131,-150.1882800632619,-1063.927822715926
0.49181389808654785,103.27868852459017,-150.46314983836683,-1061.4822934688323
0.5031051635742188,100.32786885245902,-150.74677442055892,-1059.0043503510215
0.5144405364990234,97.37704918032787,-151.04037689841698,-1056.4978821419345
0.5257339477539062,94.72131147540983,-151.34539253388118,-1054.8591834217775
0.5370256900787354,91.77049180327869,-151.66352101320604,-1052.3166581253213
0.5483112335205078,89.11475409836065,-151.99679486829714,-1050.653720653107
0.5596368312835693,86.1639344262295,-152.34767023773557,-1048.101143047636
0.5709576606750488,83.50819672131148,-152.7191489781876,-1046.445367759627
0.5822703838348389,80.55737704918033,-153.11494553843383,-1043.9210895208996
0.593562126159668,77.60655737704919,-153.53971898196272,-1041.4281689149911
0.6049168109893799,74.65573770491804,-153.99940187277446,-1038.9851716417422
0.6162245273590088,71.70491803278688,-154.5016766628884,-1036.6160820789955
0.6275057792663574,68.75409836065573,-155.05668283679697,-1034.3524787706715
0.638784646987915,65.80327868852459,-155.67809631288182,-1032.2368504325636
0.6500601768493652,62.85245901639344,-156.3848308991057,-1030.327815552983
0.6613368988037109,59.90163934426229,-157.20382254675172,-1028.70865164113
0.6726150512695312,57.24590163934426,-158.17479087489204,-1028.39359874611
0.6839127540588379,54.59016393442623,-159.35882288086896,-1028.6853593592232
0.6951949596405029,51.63934426229508,-160.85487102883917,-1028.9959175231452
0.7064704895019531,48.98360655737705,-162.83408446604744,-1031.6263339225313
0.7179050445556641,46.032786885245905,-165.61881184059513,-1035.7843922017496
0.729353666305542,43.08196721311475,-169.88964352932018,-1044.4298036878647
0.740645170211792,39.540983606557376,-177.3267693692363,-1060.8893209534085
0.7519278526306152,36.59016393442623,-192.97477649918073,-1104.0313120163876
0.7632060050964355,33.63934426229508,-231.0793525592076,-1215.316392510148
0.7744839191436768,30.39344262295082,-280.0748212807095,-1359.3953955625013
0.7857661247253418,27.442622950819672,-302.95855418614065,-1426.4629611594144
0.7970635890960693,24.491803278688526,-312.8990597239916,-1454.8546177426329
0.8085358142852783,21.540983606557376,-318.2249713924163,-1469.454744741491
0.8198227882385254,19.18032786885246,-321.5513553241534,-1479.8480263538336
0.8310999870300293,16.229508196721312,-323.8550961316573,-1485.388651055176
0.8423757553100586,13.278688524590164,-325.5718035686856,-1489.1410251759196
0.8536548614501953,10.327868852459016,-326.92280940124874,-1491.7610985787971
0.8649482727050781,7.377049180327869,-328.03194323753735,-1493.6150389044624
0.8762283325195312,4.426229508196721,-328.9737549182361,-1494.922814587547
0.8875021934509277,1.4754098360655739,-329.7957870179318,-1495.8244182010285
0.8987748622894287,-1.7704918032786885,-330.5298035333339,-1495.5214676872633
0.9108974933624268,-4.721311475409836,-331.1978615551949,-1495.855666838208
0.9221827983856201,-8.262295081967213,-331.8157876161512,-1494.204671037157
0.9334766864776611,-11.21311475409836,-332.39526501314555,-1494.1566515174459
0.9448146820068359,-14.459016393442623,-332.94513849132795,-1493.0752617201138
0.9561295509338379,-17.114754098360656,-333.47225831109284,-1493.6492731573342
0.9674034118652344,-20.360655737704917,-333.982042895357,-1492.3405925095622
0.9786818027496338,-23.311475409836067,-334.4788638786557,-1491.8242789893789
0.9899618625640869,-26.262295081967213,-334.9663158597464,-1491.2256643733688
1.0012421607971191,-29.508196721311474,-335.44740941686115,-1489.6619028059822
1.0126750469207764,-31.868852459016395,-335.9247119130583,-1490.7010719894479
1.0240118503570557,-34.81967213114754,-336.40045208036247,-1489.91061063385
1.0353081226348877,-37.77049180327869,-336.8765990377061,-1489.066926848645
1.046631097793579,-40.721311475409834,-337.354922986921,-1488.1753791331491
1.0579109191894531,-43.967213114754095,-337.83704260322463,-1486.3491693127737
1.0691871643066406,-46.91803278688525,-338.3244626533136,-1485.3699119037087
1.080667495727539,-49.868852459016395,-338.81860436914195,-1484.356772576823
1.0919387340545654,-52.81967213114754,-339.3208304135899,-1483.3140171759871
1.1032440662384033,-55.77049180327869,-339.83246579096397,-1482.245827719445
1.11460280418396,-58.131147540983605,-340.3548157131931,-1482.9398309728062
1.125885248184204,-61.08196721311475,-340.8891811874517,-1481.846227086624
1.1372621059417725,-63.73770491803279,-341.43687291325443,-1481.6314708451728
