0.005144357681274414,-23.901639344262296,-23.90150738167742,0.0030489559348132415,0.00013196258487724322
0.017442703247070312,-23.901639344262296,-25.80544613489715,-43.98886357413009,-1.903806790634853
0.028733253479003906,-24.19672131147541,-27.795901515181626,-54.60982426474003,-3.599180203706215
0.04002809524536133,-24.491803278688526,-29.84995521072563,-69.83665330719367,-5.358151932037103
0.05174446105957031,-25.37704918032787,-31.95156440326549,-71.58096962358012,-6.57451522293762
0.06302976608276367,-26.557377049180328,-34.08697810571807,-75.43339214120084,-7.529601056537739
0.07430315017700195,-28.327868852459016,-36.24588307777101,-70.11666350274334,-7.918014225311996
0.08602499961853027,-30.39344262295082,-38.420257910292484,-66.84149653586539,-8.026815287341666
0.09733724594116211,-32.75409836065574,-40.60380006753605,-61.15505049478534,-7.84970170688031
0.10863327980041504,-35.114754098360656,-42.791352929345535,-59.84915778302686,-7.676598830984879
0.11992549896240234,-37.77049180327869,-44.97775987556475,-51.63803455545539,-7.2072680722860625
0.13121438026428223,-40.131147540983605,-47.160156117218065,-54.59323791745394,-7.02900857623446
0.14284229278564453,-42.78688524590164,-49.335103907534666,-46.1916599586446,-6.54821866163303
0.15417003631591797,-45.442622950819676,-51.49973845753891,-42.087494242038986,-6.057115506719235
0.16543817520141602,-47.80327868852459,-53.65176793605029,-44.662262877838586,-5.848489247525698
0.1767125129699707,-50.16393442622951,-55.78890051188826,-42.654709067217674,-5.624966085658748
0.1879863739013672,-52.52459016393443,-57.90941731166743,-40.48565571673163,-5.384827147733006
0.1992630958557129,-54.885245901639344,-60.011026504207294,-38.12785576113704,-5.12578060256795
0.21057415008544922,-57.24590163934426,-62.09258217391758,-35.58912176644933,-4.846680534573316
0.2218468189239502,-59.31147540983606,-64.15121953182262,-39.638138452988,-4.839744121986556
0.2331855297088623,-61.377049180327866,-66.1863656201273,-39.06190897053407,-4.809316439799439
0.24476838111877441,-63.442622950819676,-68.19630156544623,-38.255432731336036,-4.753678614626558
0.25606584548950195,-65.50819672131148,-70.17873553659888,-37.191422276626554,-4.670538815287401
0.2673680782318115,-67.57377049180327,-72.13194866019985,-35.86441176092742,-4.55817816839658
0.27864527702331543,-69.34426229508196,-74.05536797845403,-41.10458925693535,-4.711105683372068
0.28992557525634766,-71.40983606557377,-75.94612870238575,-34.79381573215798,-4.536292636811979
0.3012666702270508,-73.18032786885246,-77.80308491640474,-39.43506627678387,-4.622757047552284
0.31260037422180176,-75.24590163934427,-79.6239447893305,-32.50578588470829,-4.378043149986226
0.32387208938598633,-77.01639344262296,-81.40698944777762,-36.487101103814275,-4.390596005154663
0.3351418972015381,-78.78688524590164,-83.15107297615585,-35.70928880841925,-4.364187730254201
0.34659886360168457,-80.55737704918033,-84.8527576276944,-34.536156015448164,-4.29538057851407
0.35787200927734375,-82.32786885245902,-86.51147044459813,-33.00583163377166,-4.183601592139112
0.36920166015625,-84.09836065573771,-88.12377368009626,-31.047279954879677,-4.025413024358556
0.38047313690185547,-85.8688524590164,-89.68852141859855,-28.68537301936328,-3.8196689595821596
0.39185118675231934,-87.34426229508196,-91.20284887112932,-32.688666288262745,-3.858586576047358
0.4031212329864502,-89.11475409836065,-92.66503716430317,-24.999777288273,-3.550283065942523
0.41439080238342285,-90.59016393442623,-94.07164855134936,-28.051448745197,-3.481484616923126
0.4257228374481201,-92.06557377049181,-95.42153711667756,-26.199657154181544,-3.355963346185746
0.4369926452636719,-93.54098360655738,-96.71126511351704,-23.80812605220256,-3.170281506959668
0.4483909606933594,-94.42622950819673,-97.93911366848239,-34.523985487977605,-3.5128841602856653
0.4596834182739258,-95.60655737704919,-99.10164503480283,-28.99027339158938,-3.4950876577536434
0.4710044860839844,-97.08196721311475,-100.19771329688811,-20.50907457721889,-3.1157460837733595
0.4822731018066406,-98.55737704918033,-101.22388070796741,-15.834230736936362,-2.6665036587870787
0.4935429096221924,-99.73770491803279,-102.17842839465536,-17.368816304070446,-2.4407234766225656
0.5048642158508301,-100.91803278688525,-103.0584915679763,-13.82946472603139,-2.1404587810910556
0.5161352157592773,-102.09836065573771,-103.86292431233998,-9.658551232499292,-1.7645636566022773
0.5274677276611328,-103.27868852459017,-104.58886183877074,-4.806719004466265,-1.3101733141805738
0.538738489151001,-104.45901639344262,-105.23458527388317,0.723143104864775,-0.7755688804405452
0.5500786304473877,-105.34426229508196,-105.79894870208703,0.11432470901089165,-0.45468640700507024
0.5614128112792969,-105.63934426229508,-106.28023324999693,-9.00320418485887,-0.6408889877018424
0.5727450847625732,-106.22950819672131,-106.67786595981771,-1.7648014675080352,-0.4483577630963964
0.5840208530426025,-106.52459016393442,-106.99012795816401,-5.051816583399376,-0.46553779422958996
0.5952935218811035,-107.11475409836065,-107.21701924503581,3.5970013959163616,-0.1022651466751654
0.6065738201141357,-107.40983606557377,-107.35853982043314,1.6954209258971153,0.0512962451406338
0.6178457736968994,-107.70491803278688,-107.41411672656082,4.925933725872687,0.29080130622605793
0.6291143894195557,-107.70491803278688,-107.38489587900915,2.0098634921576624,0.32002215377772814
0.6404471397399902,-107.70491803278688,-107.27145023557324,4.194182440899022,0.4334677972136376
0.6518445014953613,-107.40983606557377,-107.07435275404825,0.2306329415290751,0.3354833115255218
0.6631174087524414,-107.11475409836065,-106.79589526561466,1.3178734035574933,0.31885883274598825
0.6743884086608887,-106.52459016393442,-106.43722368586278,-3.779822185279922,0.08736647807164388
0.6857175827026367,-106.22950819672131,-106.00062984597308,2.9625631219129493,0.22887835074823215
0.696986198425293,-106.22950819672131,-105.487832619331,12.688986842409872,0.7416755773903105
0.7082593441009521,-105.93442622950819,-104.90169679491217,11.725226372573212,1.0327294345960212
0.7195286750793457,-105.63934426229508,-104.24508716169224,15.71726060761797,1.394257100602843
0.7309043407440186,-105.34426229508196,-103.52029555085174,20.229211029005914,1.8239667442302192
0.7421762943267822,-104.75409836065573,-102.73075970916148,18.398567124056555,2.0233386514942566
0.7535257339477539,-104.45901639344262,-101.87934442559707,28.271412581059888,2.579671967845556
0.7648038864135742,-103.8688524590164,-100.96948744692934,27.32494917332594,2.8993650120870598
0.7761385440826416,-103.27868852459017,-100.004626519929,31.20044212958703,3.274062004661161
0.7875404357910156,-102.39344262295081,-98.98705347577668,28.652754262017012,3.4063891471741385
0.7988317012786865,-101.80327868852459,-97.92135197683334,37.67100992021257,3.88192671169125
0.8101165294647217,-100.91803278688525,-96.81095976986981,35.758129348624614,4.107073017015438
0.8213953971862793,-100.0327868852459,-95.6581686860666,38.581789182283046,4.374618199179295
0.8326816558837891,-98.85245901639344,-94.46756238778474,34.826652183798906,4.3848966286087006
0.8440735340118408,-97.67213114754098,-93.24257862179503,35.72484586309923,4.429552525745947
0.8553669452667236,-96.78688524590164,-91.98608217707316,43.653458725670674,4.800803068828486
0.8666503429412842,-95.31147540983606,-90.70151080038984,33.69799900136671,4.609964609446223
0.877971887588501,-94.1311475409836,-89.39287519631104,39.54675445584915,4.738272344672566
0.8892490863800049,-92.95081967213115,-88.06418606940267,41.07225066647843,4.88663360272848
0.9005322456359863,-91.47540983606558,-86.71773525084522,35.89023956175262,4.757674585220357
0.9118127822875977,-90.29508196721312,-85.3581064029998,41.98968122426387,4.936975564213327
0.9230871200561523,-88.81967213114754,-83.98873727263712,36.87333163146711,4.8309348585104175
0.93440842628479,-87.34426229508196,-82.61249264873287,36.195465133422005,4.731769646349093
0.9458465576171875,-85.8688524590164,-81.23452915144325,35.453714209662955,4.6343233075731405
0.9571266174316406,-84.68852459016394,-79.85771156974388,41.47702647926188,4.830813020420052
0.96840500831604,-83.21311475409836,-78.48605060820069,36.155298986576916,4.727064145897671
0.9796798229217529,-81.73770491803279,-77.12412992917473,35.11161637924529,4.613574988858062
0.9909563064575195,-80.26229508196721,-75.7759602372319,33.89579217937413,4.48633484473531
1.0022304058074951,-78.78688524590164,-74.44555223693813,32.475256200029094,4.341333008963517
1.0135090351104736,-77.60655737704919,-73.13748959065445,37.62196171386312,4.4690677863947315
1.0247814655303955,-76.1311475409836,-71.85635596074194,31.238251210686272,4.2747915802416685
1.036076545715332,-74.95081967213115,-70.60730796735673,35.760243684701095,4.343511704774414
1.0474786758422852,-73.47540983606558,-69.39492927285993,28.67260070511862,4.080480563205654
1.058760643005371,-72.29508196721312,-68.22437649740765,32.41139548681396,4.070705469805475
1.0700328350067139,-71.11475409836065,-67.1008062611561,31.26578612957025,4.0139478372045545
1.0813624858856201,-69.63934426229508,-66.03052109985173,22.775732100463888,3.6088231624433575
1.0926549434661865,-68.45901639344262,-65.01753171806043,25.003258148743377,3.441484675382199
1.1039328575134277,-67.57377049180327,-64.06928656711891,28.98508918798681,3.504483924684365
1.1152052879333496,-66.39344262295081,-63.1897963515931,21.10580779408402,3.2036462713577123
1.1265361309051514,-65.21311475409836,-62.38593656502456,16.935247630714045,2.8271781890737984
1.1378049850463867,-64.32786885245902,-61.66286382756945,18.84859429593398,2.6650050248895667
