1.9311904907226562e-05,-30.688524590163933,-33.61911303653915,-26.37529601737693
0.01009511947631836,-30.983606557377048,-33.59734622323273,-23.52365699270111
0.02017998695373535,-30.983606557377048,-33.552301744051206,-23.11825668006743
0.030246734619140625,-30.983606557377048,-33.483585188018395,-22.49980767577213
0.04031252861022949,-31.278688524590162,-33.39076077865026,-19.008650286540888
0.050379037857055664,-31.278688524590162,-33.27335015571326,-17.951954680107878
0.06045174598693848,-31.57377049180328,-33.13083115396364,-14.013545959443242
0.07051777839660645,-31.868852459016395,-32.96263659435271,-9.844057218026826
0.08058333396911621,-31.868852459016395,-32.768153107309715,-8.093705834639877
0.09060072898864746,-32.16393442622951,-32.54672001253078,-3.445070276711405
0.10066390037536621,-32.16393442622951,-32.297628285308164,-1.2032447317078905
0.11072778701782227,-32.459016393442624,-32.020119645940916,3.9500707275153744
0.12079095840454102,-32.459016393442624,-31.713385816286998,6.71067519440064
0.13085675239562988,-32.16393442622951,-31.37656799616537,7.086297870577255
0.14091992378234863,-31.868852459016395,-31.00875662220315,7.740862531319195
0.15098261833190918,-31.57377049180328,-30.608991482947886,8.683011079698552
0.1610569953918457,-31.278688524590162,-30.17626227670234,9.921836230990412
0.17112469673156738,-30.688524590163933,-29.709509712626275,8.811133897838921
0.18119335174560547,-30.098360655737704,-29.2076272711652,8.016600461152525
0.19125962257385254,-29.80327868852459,-28.669463756703276,10.204334386391814
0.20132780075073242,-29.21311475409836,-28.093826793272502,10.073591647432721
0.2113943099975586,-28.62295081967213,-27.479487432800607,10.291170481843714
0.2214977741241455,-28.0327868852459,-26.82518606415309,10.868407389835298
0.23156285285949707,-27.442622950819672,-26.129639829262914,11.816848094010826
0.24162960052490234,-26.852459016393443,-25.391551768754347,13.14816522875186
0.2516956329345703,-26.262295081967213,-24.60962193206411,14.874058349127946
0.2617654800415039,-25.672131147540984,-23.78256069408569,17.00613408109766
0.27183055877685547,-25.081967213114755,-22.90910451922851,19.555764244976203
0.28189539909362793,-24.491803278688526,-21.98803440135658,22.53391989598752
0.2919588088989258,-23.901639344262296,-21.01819718067165,25.950979472315826
0.3020153045654297,-23.016393442622952,-19.998529892097572,27.16077195472842
0.31207919120788574,-22.42622950819672,-18.928087229690778,31.483280506553474
0.3221435546875,-21.540983606557376,-17.806072113672545,33.614203435963475
0.33220911026000977,-20.950819672131146,-16.631869217002507,38.87055409615776
0.3422727584838867,-20.065573770491802,-15.405081144337078,41.944433635392514
0.3523368835449219,-18.885245901639344,-14.125566757158754,42.8371123003253
0.36240601539611816,-18.0,-12.793480907341507,46.85867183392644
0.37247157096862793,-16.81967213114754,-11.409314584175574,48.693217922747706
0.3825364112854004,-15.344262295081966,-9.97393420891642,48.332952775489915
0.39260101318359375,-14.163934426229508,-8.488618544271862,51.07784293761881
0.4026925563812256,-12.688524590163935,-6.9550914480983455,51.60089827859031
0.41281652450561523,-11.21311475409836,-5.375548520558701,52.53809610185693
0.4228935241699219,-9.737704918032787,-3.7526756051544177,53.86526381590532
0.4329664707183838,-7.967213114754099,-2.0896571395097,52.898003777199584
0.4431633949279785,-6.491803278688525,-0.3901725400628295,54.914676647631254
0.45325231552124023,-4.721311475409836,1.341620835777269,54.56639080068394
0.46332526206970215,-2.9508196721311477,3.1011190734676863,54.467448710389505
0.47336840629577637,-1.180327868852459,4.8833176660456274,54.572809814082774
0.4834325313568115,0.5901639344262295,6.682871491058374,54.8343680096893
0.4934992790222168,2.6557377049180326,8.494167374448827,52.54586702577715
0.5035650730133057,4.426229508196721,10.31140698423397,52.96659728433524
0.5136313438415527,6.19672131147541,12.128697073888834,53.38778186172081
0.5236971378326416,7.967213114754099,13.940143560367277,53.756374010518606
0.5337657928466797,10.032786885245901,15.739945636061341,51.364428757338956
0.543830394744873,11.80327868852459,17.52248611145332,51.472866806358546
0.5538954734802246,13.573770491803279,19.282414466052643,51.377795768244276
0.5639669895172119,15.344262295081966,21.014719616258425,51.034115890588126
0.5740652084350586,17.40983606557377,22.714790129048872,47.74458657127591
0.5841329097747803,19.18032786885246,24.378460441112882,46.783193150343806
0.594151496887207,20.950819672131146,26.00204249991022,45.46100545001167
0.6041703224182129,22.721311475409838,27.58234304822035,43.749284155294596
0.6141927242279053,24.19672131147541,29.116667464761093,44.27951537957114
0.6242117881774902,25.9672131147541,30.60281160940418,41.72038645185074
0.6342787742614746,27.737704918032787,32.039043484011756,38.712047093810725
0.6443438529968262,29.21311475409836,33.424076711092496,37.89865761294723
0.6544027328491211,30.688524590163933,34.75703787040908,36.61661952220631
0.6644637584686279,32.16393442622951,36.03742964673992,34.86145698459372
0.6745288372039795,33.63934426229508,37.2650915632953,32.631725709001955
0.684593677520752,34.81967213114754,38.440159837898534,32.584389360758934
0.6946563720703125,36.295081967213115,39.56302763266847,29.41151098909822
0.7047204971313477,37.47540983606557,40.63430669688198,28.430071747347647
0.7147791385650635,38.65573770491803,41.65479114509053,26.991480961552462
0.7248222827911377,39.83606557377049,42.62542388051885,25.104224760735256
0.7348363399505615,41.01639344262295,43.547265974110616,22.777852783389
0.7449007034301758,41.90163934426229,44.42146914489133,22.67846820566136
0.7549643516540527,42.78688524590164,45.24925135705417,22.161295000372803
0.7650647163391113,43.67213114754098,46.03187545071658,21.237698728580426
0.7751672267913818,44.557377049180324,46.77063065280899,19.919282432657987
0.7852342128753662,45.14754098360656,47.466816767672576,20.873482056594135
0.7953009605407715,46.032786885245905,48.12173081924377,18.80049540598081
0.8053679466247559,46.622950819672134,48.73665590404543,19.023345759359643
0.8154397010803223,47.50819672131148,49.31285201290001,16.241897624296783
0.8254978656768799,48.09836065573771,49.851548586183675,15.778691374013711
0.8355910778045654,48.68852459016394,50.353938579957195,14.988725908139322
0.8456847667694092,49.278688524590166,50.8211738363763,13.882367806075237
0.8557782173156738,49.868852459016395,51.25436156979944,12.469581997047428
0.8659021854400635,50.459016393442624,51.65456179877953,10.759908648032173
0.8759982585906982,51.049180327868854,52.022785572784485,8.762447204240686
0.8860933780670166,51.63934426229508,52.35999386044322,6.485846383333218
0.8961837291717529,52.22950819672131,52.66709698297254,3.938299076261032
0.9062728881835938,52.81967213114754,52.94495449198085,1.1275412474997921
0.9163665771484375,53.40983606557377,53.19437540495714,-1.9391459455496545
0.926494836807251,53.704918032786885,53.41611872441706,-2.5991937753284233
0.9365987777709961,54.0,53.61089417792718,-3.5019523986553907
0.946685791015625,54.0,53.77936312613825,-1.9857318647557491
0.9567723274230957,53.704918032786885,53.92213959462814,1.9549940565713086
0.9669065475463867,53.704918032786885,54.03979139289308,3.0138602409557436
0.9770004749298096,54.0,54.13284129035026,1.1955716131523104
0.9870872497558594,54.295081967213115,54.201768224835824,-0.8398236813956146
0.9971754550933838,54.295081967213115,54.247008523912505,-0.4326609897054823
1.0072643756866455,54.0,54.26895712344019,2.4206141109616937
