0.0014412403106689453,0.0,-4.2952408547294105,-494.5153748458518
0.012807130813598633,0.0,0.0,477.16260179274497
0.024149417877197266,0.0,0.0,-0.0859048170945882
0.03553462028503418,0.0,0.0,-0.0859048170945882
0.04696989059448242,0.0,0.0,-0.0859048170945882
0.05830740928649902,0.0,0.0,-0.0859048170945882
0.07015466690063477,0.0,0.0,-0.0859048170945882
0.08180785179138184,0.0,0.0,-0.0859048170945882
0.09310746192932129,0.0,0.0,-0.0859048170945882
0.10440444946289062,0.0,0.0,-0.0859048170945882
0.11637997627258301,0.0,0.0,-0.0859048170945882
0.1276850700378418,0.0,0.0,-0.0859048170945882
0.1390519142150879,0.0,0.0,-0.0859048170945882
0.15056657791137695,0.0,0.0,-0.0859048170945882
0.16186141967773438,0.0,0.0,-0.0859048170945882
0.17314362525939941,0.0,0.0,-0.0859048170945882
0.18451428413391113,0.0,0.0,-0.0859048170945882
0.19588494300842285,0.0,0.0,-0.0859048170945882
0.20738649368286133,0.0,0.0,-0.0859048170945882
0.2187643051147461,0.0,0.0,-0.0859048170945882
0.2301170825958252,0.0,0.0,-0.0859048170945882
0.24156761169433594,0.0,0.0,-0.0859048170945882
0.2530186176300049,0.0,0.0,-0.0859048170945882
0.2642943859100342,0.0,0.0,-0.0859048170945882
0.27556562423706055,0.0,-4.128224608336091,-475.3725321994371
0.2870018482208252,0.0,-10.383613659257412,-736.953129056395
0.2982797622680664,0.0,-14.276135458178965,-490.2681957242986
0.3096182346343994,0.0,-17.45765927082727,-424.3437469075016
0.3209514617919922,0.0,-20.259955113776467,-393.82173044033607
0.3322932720184326,0.0,-22.817879868354673,-377.35747105602695
0.34356689453125,0.0,-25.20115449947771,-367.98904280328134
0.35497069358825684,0.0,-27.450882642020915,-362.6984891337009
0.36631155014038086,0.0,-29.593414986746662,-359.9498545210433
0.3777918815612793,0.0,-31.64665643617763,-358.8745527803924
0.389265775680542,0.0,-33.62330200893105,-358.94295665806567
0.4006626605987549,0.0,-35.532647201534054,-359.8131778336157
0.41210246086120605,0.0,-37.38166954246286,-361.2543682158081
0.42359471321105957,0.0,-39.175708983166736,-363.1048351313949
0.435046911239624,0.0,-40.9189141789204,-365.2477904073253
0.4466230869293213,0.0,-42.614545498878734,-367.5966256836406
0.4581766128540039,0.0,-44.26518683105636,-370.08561221667054
0.4697294235229492,0.0,-45.87289736314803,-372.6638281639488
0.4812915325164795,0.0,-47.439322720203066,-375.29107896307835
0.4927670955657959,0.0,-48.96577789671645,-377.93508849690284
0.5043394565582275,0.0,-50.453310189270354,-380.5695233112814
0.5157577991485596,0.0,-51.90274767727882,-383.17257638901265
0.5271637439727783,0.0,-53.31473708352655,-385.72593494315777
0.5385797023773193,0.0,-54.68977371206144,-388.2140168470862
0.5505602359771729,0.0,-56.028225395212395,-390.6233982210406
0.5620682239532471,0.0,-57.33035185438796,-392.94237913370114
0.5735561847686768,0.0,-58.59632051009932,-395.1606504660364
0.5850844383239746,0.0,-59.826219513869454,-397.2690357745536
0.5965664386749268,0.0,-61.02006858488506,-399.25928935202506
0.6080420017242432,0.0,-62.177828095269355,-401.1239367841621
0.6195149421691895,0.0,-63.29940674475917,-402.8561478821697
0.63106369972229,0.0,-64.38466808817562,-404.4496344224814
0.6425361633300781,0.0,-65.43343612027648,-405.8985669597048
0.6543354988098145,0.0,-66.44550007741265,-407.19750631639454
0.6657483577728271,0.0,-67.42061858032598,-408.3413463355014
0.6771495342254639,0.0,-68.35852321488306,-409.32526521109645
0.6885490417480469,0.0,-69.25892162568265,-410.14468325888845
0.6999433040618896,0.0,-70.12150017995336,-410.79522540079114
0.7113461494445801,0.0,-70.94592624496474,-411.27268695164236
0.722740888595581,0.0,-71.7318501105632,-411.57300153727874
0.7343330383300781,0.0,-72.47890657885559,-411.6922101599498
0.7458128929138184,0.0,-73.18671623506738,-411.6264305724118
0.7573468685150146,0.0,-73.85488640687613,-411.37182623627814
0.7687933444976807,0.0,-74.48301181381514,-410.9245742308679
0.7801949977874756,0.0,-75.07067490344903,-410.28083154938395
0.7915904521942139,0.0,-75.6174458667949,-409.4366992761142
0.8029918670654297,0.0,-76.12288232175038,-408.3881841806079
0.8143870830535889,0.0,-76.58652864998676,-407.1311572966664
0.8258235454559326,0.0,-77.00791496975772,-405.66130907454425
0.8373057842254639,0.0,-77.38655572424918,-403.97410070322417
0.8487718105316162,0.0,-77.72194786235895,-402.0647111981246
0.8603067398071289,0.0,-78.01356858600457,-399.92797983190144
0.8717615604400635,0.0,-78.26087263509743,-397.558343454743
0.8831663131713867,0.0,-78.46328907802933,-394.9497681998813
0.8946404457092285,0.0,-78.62021757171053,-392.0956749968443
0.9061305522918701,0.0,-78.73102405066797,-388.9888582157169
0.9177088737487793,0.0,-78.79503579919752,-385.6213966332457
0.9292542934417725,0.0,-78.81153585375934,-381.9845557401191
0.9407970905303955,0.0,-78.77975667432732,-378.06868018758814
0.9537575244903564,0.0,-78.69887301279984,-373.86307489162584
0.9652669429779053,0.0,-78.56799389326234,-369.3558729563901
0.9767282009124756,0.0,-78.38615360215522,-364.5338881297321
0.9881300926208496,0.0,-78.15230156532763,-359.38244893498194
0.9995207786560059,0.0,-77.86529096238625,-353.88521090299434
1.0110065937042236,0.0,-77.52386589517879,-348.02394241299874
1.0224018096923828,0.0,-77.12664688471858,-341.77827848009736
1.03379225730896,0.0,-76.67211441677196,-335.12543532187317
1.0451819896697998,0.0,-76.15859018723273,-328.0398765851446
1.0567584037780762,0.0,-75.58421560963905,-320.49291956428374
1.068152904510498,0.0,-74.94692703237781,-312.4522663788259
1.079559326171875,0.0,-74.24442696349452,-303.8814405969434
1.0909512042999268,0.0,-73.47415040430629,-294.73910375400476
1.1023437976837158,0.0,-72.63322513185422,-284.9782179873755
1.1138393878936768,0.0,-71.71842441972301,-274.54500964905594
1.125267505645752,0.0,-70.72611021067223,-263.3776728608365
1.1366593837738037,0.0,-69.65216409928632,-251.40472939691966
1.1480484008789062,0.0,-68.49190256786638,-238.54292868719497
