0.0024318695068359375,74.36065573770492,74.36075448325877,0.0022814863981850605,9.874555385636086e-05
0.013717412948608398,74.36065573770492,72.8521566086793,-34.85490054560205,-1.5084991290256227
0.025052785873413086,74.36065573770492,71.30688943521147,-47.93595683563823,-3.053766302493443
0.036459922790527344,74.0655737704918,69.75818451497287,-53.73588417801055,-4.3073892555189275
0.047768592834472656,73.77049180327869,68.23526269551513,-63.320656046285684,-5.535229107763556
0.05905294418334961,72.88524590163934,66.75932341525814,-58.57686714436982,-6.125922486381199
0.07041072845458984,72.0,65.34698245026065,-61.92363161116212,-6.653017549739346
0.08167839050292969,71.11475409836066,64.00626120965453,-64.57209590749974,-7.108492888706138
0.09303092956542969,69.9344262295082,62.745181102571586,-59.63913197821858,-7.189245126936619
0.10438299179077148,68.75409836065575,61.56431508680696,-58.47407157981958,-7.189783273848789
0.11566948890686035,67.57377049180329,60.4648090779509,-56.63242652886518,-7.108961413852384
0.12737011909484863,66.39344262295081,59.44379828702778,-54.19719325702208,-6.949644335923033
0.13866424560546875,64.91803278688525,58.497844967266786,-44.38667878207898,-6.420187819618462
0.1499805450439453,63.73770491803279,57.62293841410203,-45.30203353683008,-6.11476650393076
0.16129779815673828,62.55737704918033,56.815067922967565,-41.30657669975319,-5.742309126212767
0.172576904296875,61.37704918032787,56.06964983150236,-36.87196628481698,-5.307399348825513
0.18386292457580566,60.49180327868852,55.38038160395998,-38.89255235585695,-5.11142167472854
0.19513988494873047,59.606557377049185,54.744971409159895,-36.08386209337396,-4.86158596788929
0.20641875267028809,58.721311475409834,54.157689669150805,-32.969874584793075,-4.563621806259029
0.21769094467163086,58.131147540983605,53.615098637161914,-36.361628392792454,-4.516048903821691
0.22917437553405762,57.540983606557376,53.113187608627314,-35.05739044444616,-4.427795997930062
0.24052977561950684,56.65573770491803,52.64851883677621,-26.68468626339248,-4.00721886814182
0.2518014907836914,56.0655737704918,52.218227532632966,-29.31836797799713,-3.8473462378588366
0.26308155059814453,55.47540983606557,51.81887594942679,-27.32587782832585,-3.6565338866387833
0.2743654251098633,54.885245901639344,51.44759929818201,-25.147923794171355,-3.437646603457331
0.2857341766357422,54.295081967213115,51.102678705513256,-22.781116142625514,-3.1924032616998588
0.29701662063598633,53.704918032786885,50.78182234024,-20.252499971308932,-2.9230956925468874
0.30829286575317383,53.40983606557377,50.4827383711817,-24.3983171103908,-2.9270976943920672
0.3195664882659912,52.81967213114754,50.203134967157865,-17.17663655508862,-2.616537163989676
0.33098268508911133,52.52459016393443,49.94243917037333,-21.052860083893957,-2.5821509935610933
0.3422887325286865,52.52459016393443,49.6983591496476,-27.220184404854272,-2.826231014286826
0.35356855392456055,52.22950819672131,49.47032194718554,-22.02321820359178,-2.759186249535773
0.3648648262023926,52.22950819672131,49.25603573180661,-27.99287657069588,-2.9734724649146997
0.3762035369873047,52.22950819672131,49.05550050351083,-29.425864949802687,-3.174007693210484
0.3874843120574951,51.9344262295082,48.866997388912786,-23.970281945508543,-3.0674288405954115
0.39876556396484375,51.9344262295082,48.68938047242223,-29.687167220724795,-3.2450457570859683
0.410109281539917,51.9344262295082,48.52207679624403,-30.90366643541921,-3.4123494332641684
0.421384334564209,51.63934426229508,48.365086360378186,-25.21958593076325,-3.274257901916897
0.4327809810638428,51.63934426229508,48.21669029143929,-30.734994567123785,-3.422653970855791
0.4440500736236572,51.63934426229508,48.07688858942738,-31.75521639117811,-3.5624556728677064
0.45534658432006836,51.34426229508197,47.94453533875216,-25.915136225668665,-3.3997269563298076
0.4666156768798828,51.049180327868854,47.81963053941364,-24.440153279839823,-3.2295497884552162
0.4779036045074463,50.75409836065574,47.70102827582156,-22.93047907371153,-3.0530700848341823
0.489255428314209,50.75409836065574,47.58872854797591,-28.18667557938104,-3.1653698126798275
0.5005507469177246,50.459016393442624,47.48273135587671,-22.148309896241557,-2.9762850375659156
0.511821985244751,50.16393442622951,47.381890783933684,-20.510680897329937,-2.7820436422958252
0.5231125354766846,50.16393442622951,47.286206832146846,-25.64812643234946,-2.877727594082664
0.5344851016998291,49.868852459016395,47.19510654272104,-19.513457004466574,-2.6737459162953527
0.5458202362060547,49.868852459016395,47.10858991565629,-24.58468949042584,-2.7602625433601062
0.557117223739624,49.868852459016395,47.02665695095258,-25.192949887998157,-2.842195508063817
0.5683877468109131,49.57377049180328,46.94816173301966,-18.97314187023624,-2.6256087587836205
0.5796594619750977,49.57377049180328,46.87367721965265,-23.955225806596253,-2.7000932721506317
0.5910122394561768,49.57377049180328,46.80263045305643,-24.49216277264584,-2.77114003874685
0.6022968292236328,49.278688524590166,46.73502143323099,-18.18379142437667,-2.5436670913591755
0.6135692596435547,49.278688524590166,46.670850160176336,-23.090498883067053,-2.60783836441383
0.624840259552002,49.278688524590166,46.60897071830221,-23.569892568229097,-2.669717806287956
0.6362392902374268,48.98360655737705,46.549956065403734,-17.19998413676133,-2.4336504919733173
0.6475739479064941,48.98360655737705,46.493806201480915,-22.049757769770746,-2.4898003558961364
0.658933162689209,48.98360655737705,46.440521126533746,-22.45034754373303,-2.5430854308433055
0.6702194213867188,48.98360655737705,46.388954924971976,-22.854445538274664,-2.594651632405075
0.6814913749694824,48.98360655737705,46.34025351238585,-23.218378904899108,-2.6433530449912013
0.6928339004516602,48.98360655737705,46.29327097318512,-23.585798948889696,-2.690335584191928
0.704108476638794,48.98360655737705,46.24800730736979,-23.939508857688043,-2.7355992500072617
0.7153825759887695,48.98360655737705,46.20503547273498,-24.266262534620022,-2.778571084642074
0.7266814708709717,48.68852459016394,46.164355469280686,-17.75686324713716,-2.5241691208832506
0.7380366325378418,48.68852459016394,46.124821381416666,-22.498179538259485,-2.5637032087472704
0.7493953704833984,48.68852459016394,46.08700616693803,-22.790926811344796,-2.6015184232259045
0.7607331275939941,48.68852459016394,46.05090982584478,-23.069920862811625,-2.637614764319153
0.7720093727111816,48.68852459016394,46.016532358136935,-23.335153613954727,-2.6719922320270015
0.7833507061004639,48.68852459016394,45.98330080601935,-23.599855004038677,-2.705223784144586
0.7946321964263916,48.68852459016394,45.95178812728715,-23.84218726236422,-2.7367364628767845
0.8059122562408447,48.68852459016394,45.92142136414522,-24.083974695122215,-2.767103226018719
0.8173103332519531,48.68852459016394,45.89220051659355,-24.31661754958256,-2.796324073570389
0.8288969993591309,48.68852459016394,45.86469854242727,-24.52687242197288,-2.8238260477366666
0.8401918411254883,48.68852459016394,45.83834248385125,-24.736563618484457,-2.850182106312687
0.8515052795410156,48.68852459016394,45.81255938307036,-24.95032940435609,-2.8759652070935786
0.862800121307373,48.39344262295082,45.788495155674866,-18.315316355951825,-2.604947467275956
0.8741440773010254,48.39344262295082,45.7650038860745,-22.93558444304788,-2.628438736876319
0.8854203224182129,48.39344262295082,45.742658532064404,-23.111851761902884,-2.650784090886418
0.8967025279998779,48.39344262295082,45.72145909364456,-23.278936801837485,-2.67198352930626
0.9079790115356445,48.39344262295082,45.701405570814984,-23.43683417704814,-2.692037052135838
0.9192512035369873,48.39344262295082,45.681925005780535,-23.59877651970095,-2.711517617170287
0.9306607246398926,48.39344262295082,45.66359035633635,-23.742928751997972,-2.729852266614472
0.9419703483581543,48.39344262295082,45.64582866468729,-23.89111787303224,-2.7476139582635284
0.9533123970031738,48.39344262295082,45.6292128886285,-24.02150880500581,-2.7642297343223206
0.964594841003418,48.39344262295082,45.61317007036484,-24.155928547011708,-2.780272552585984
0.9758772850036621,48.39344262295082,45.59827316769144,-24.272542021252,-2.7951694552593835
0.9871573448181152,48.39344262295082,45.58394922281317,-24.393176226819712,-2.8094934001376544
0.9985032081604004,48.09836065573771,45.570198235730025,-17.691453776017326,-2.528162420007682
1.009871006011963,48.09836065573771,45.55759316423715,-22.214537236662444,-2.54076749150056
1.021155595779419,48.09836065573771,45.5455610505394,-22.315401148831718,-2.5527996051983095
1.0325195789337158,48.09836065573771,45.534101894636784,-22.41167796089303,-2.5642587611009233
1.0438663959503174,48.09836065573771,45.52378865432443,-22.490126961975907,-2.57457200141328
1.0551586151123047,48.09836065573771,45.514048371807206,-22.572575151172835,-2.584312283930501
1.0664467811584473,48.09836065573771,45.50488104708511,-22.650425468655687,-2.5934796086526006
1.0777337551116943,48.09836065573771,45.49628668015815,-22.723675221522118,-2.6020739755795574
1.0890522003173828,48.09836065573771,45.48883822882145,-22.779083698902035,-2.609522426916257
1.1003634929656982,48.09836065573771,45.48138977748474,-22.851715917857256,-2.616970878252964
1.1116528511047363,48.09836065573771,45.47508724173831,-22.89790710859511,-2.6232734139993994
1.1229400634765625,48.09836065573771,45.469357663787,-22.948078637135936,-2.6290029919507063
1.1343169212341309,48.09836065573771,45.46420104363082,-22.993633443650953,-2.6341596121068847
