0.0026526451110839844,0.0,0.0,0.0
0.013969898223876953,0.0,0.0,0.0
0.02535867691040039,-0.29508196721311475,0.0,33.67859016393443
0.0367128849029541,-0.29508196721311475,0.0,0.8982295081967213
0.04799914360046387,0.0,0.0,-32.77386885245902
0.05934023857116699,0.0,0.0,0.01298360655737705
0.07080864906311035,0.0,0.0,0.01298360655737705
0.08210515975952148,0.29508196721311475,0.0,-33.66560655737705
0.09344625473022461,0.0,0.0,32.793344262295086
0.10480642318725586,0.0,0.0,0.006491803278688525
0.11703729629516602,0.0,0.0,0.006491803278688525
0.12840509414672852,0.29508196721311475,0.0,-33.67209836065574
0.1397080421447754,0.5901639344262295,0.0,-34.57032786885246
0.15148091316223145,0.5901639344262295,0.0,-1.7964590163934426
0.16284489631652832,0.0,0.0,65.54773770491803
0.17412304878234863,0.0,0.0,-0.0259672131147541
0.18540596961975098,0.29508196721311475,0.0,-33.704557377049184
0.19667959213256836,0.29508196721311475,0.0,-0.9241967213114753
0.20795345306396484,0.0,0.0,32.74790163934426
0.21942377090454102,-0.29508196721311475,0.0,33.6396393442623
0.23070955276489258,-0.29508196721311475,0.0,0.8592786885245901
0.24198675155639648,0.0,0.0,-32.81281967213115
0.2532613277435303,0.29508196721311475,0.0,-33.704557377049184
0.26453208923339844,0.0,0.0,32.75439344262295
0.2758030891418457,-0.29508196721311475,0.0,33.646131147540984
0.28707432746887207,-0.29508196721311475,0.0,0.8657704918032787
0.29834651947021484,0.29508196721311475,0.0,-66.4849180327869
0.3096182346343994,0.29508196721311475,0.0,-0.9177049180327869
0.3210322856903076,-0.29508196721311475,0.0,66.43298360655739
0.33231496810913086,-0.5901639344262295,0.0,34.544360655737705
0.3435945510864258,-0.29508196721311475,0.0,-31.90809836065574
0.35488295555114746,0.0,0.0,-32.793344262295086
0.36615562438964844,-0.29508196721311475,0.0,33.67209836065574
0.377427339553833,-0.29508196721311475,0.0,0.8917377049180327
0.38869547843933105,0.0,0.0,-32.7803606557377
0.39996886253356934,0.0,0.0,0.006491803278688529
0.411238431930542,-0.29508196721311475,0.0,33.685081967213115
0.42253899574279785,0.0,0.0,-32.77386885245902
0.43381190299987793,0.0,0.0,0.012983606557377054
0.4450826644897461,0.0,0.0,0.012983606557377054
0.45635533332824707,0.29508196721311475,0.0,-33.66560655737705
0.46762776374816895,0.29508196721311475,-4.166832327273543,-476.4583199103506
0.47890424728393555,-0.29508196721311475,-6.428315035223484,-204.32820088772053
0.4901762008666992,-1.7704918032786885,-8.100657608601182,-41.237755877868196
0.5014474391937256,-3.540983606557377,-9.497427161478413,23.158415454971657
0.5127162933349609,-5.311475409836065,-10.724323610831725,43.54488926197197
0.5239994525909424,-6.19672131147541,-11.832042003012429,-42.365069531409354
0.5352704524993896,-6.786885245901639,-12.849362482482473,-66.52256364556789
0.5465490818023682,-7.672131147540983,-13.794368918232118,-26.01479630802043
0.5578176975250244,-9.147540983606557,-14.679224373226758,47.89231034132308
0.5690875053405762,-10.032786885245901,-15.512517366613714,-11.9169332508515
0.5803647041320801,-10.62295081967213,-16.300535949805184,-40.391771537795734
0.5916359424591064,-11.21311475409836,-17.04801288615094,-36.48745537978533
0.6029095649719238,-12.098360655737705,-17.75858725915391,0.799167395445437
0.6141788959503174,-12.98360655737705,-18.43510381998712,5.08962004608038
0.6255321502685547,-13.573770491803279,-19.079814496792245,-24.448022027937917
0.6368157863616943,-13.573770491803279,-19.69451830865095,-88.66640206245552
0.6481006145477295,-14.459016393442623,-20.280661069302635,13.636835515350569
0.6594834327697754,-15.344262295081966,-20.839408015031584,17.539415569123154
0.6707656383514404,-15.934426229508198,-21.371697704223823,-12.253741895584536
0.6820363998413086,-16.229508196721312,-21.878282652433377,-42.94329686028887
0.693446159362793,-16.81967213114754,-22.359760372003148,-7.162578416607017
0.7047238349914551,-17.704918032786885,-22.81659733568985,29.534902938527182
0.7160069942474365,-18.295081967213115,-23.249147628405563,-0.1895817416465242
0.727388858795166,-18.59016393442623,-23.65766754338249,-30.758193822417155
0.738694429397583,-18.885245901639344,-24.04232703046279,-28.48922616283045
0.7499682903289795,-19.770491803278688,-24.40321866020151,41.196491977132006
0.7612359523773193,-20.360655737704917,-24.74036459347245,11.710748006986243
0.7725088596343994,-20.360655737704917,-25.053721919910966,-52.263100452613344
0.7837789058685303,-20.360655737704917,-25.343186635008713,-50.58637833896296
0.7950513362884521,-20.950819672131146,-25.608596455037436,18.531881279052786
0.8063209056854248,-21.83606557377049,-25.849732614324267,55.859833008926714
0.8175890445709229,-22.131147540983605,-26.06632074592535,-6.837408308587305
0.8289916515350342,-22.131147540983605,-26.258030910903422,-37.52596694722696
0.840324878692627,-22.131147540983605,-26.424476810597795,-35.31262011030452
0.851595401763916,-22.721311475409838,-26.565214188398436,34.38129819405428
0.8629317283630371,-23.311475409836067,-26.679738400842663,38.646686590114186
0.874211311340332,-23.311475409836067,-26.76748111076651,-24.29055905656879
0.8854851722717285,-23.311475409836067,-26.827806026143282,-21.502474506337606
0.8967537879943848,-23.60655737704918,-26.860003575424116,15.12671516439704
0.908022403717041,-23.60655737704918,-26.863284371567122,-14.528658319030518
0.9192917346954346,-23.901639344262296,-26.836771269973028,22.468836215508816
0.9306936264038086,-23.901639344262296,-26.77948976685357,-6.790776581561453
0.9420323371887207,-23.901639344262296,-26.69035640962924,-3.045636923880126
0.9532999992370605,-23.901639344262296,-26.568164793502586,0.9354105695124755
0.9645669460296631,-24.19672131147541,-26.411568589546143,38.851299060275835
0.9758481979370117,-24.19672131147541,-26.21906087675539,10.587641927284597
0.9871277809143066,-23.901639344262296,-25.988948814900652,-18.261784227312745
1.0003383159637451,-23.60655737704918,-25.719322368974794,-13.994148892470434
1.0118987560272217,-23.60655737704918,-25.40801533742676,24.31816413512714
1.023524522781372,-23.60655737704918,-25.052556280002396,30.258505078680457
1.0351972579956055,-23.60655737704918,-24.650105983578495,36.664141455085854
1.046809196472168,-23.016393442622952,-24.19737667835967,-23.761298035542566
1.0581278800964355,-22.721311475409838,-23.690526042874154,15.65301283506928
1.0694174766540527,-22.42622950819672,-23.125015634723727,22.96667086366806
1.0807089805603027,-22.131147540983605,-22.495417902416587,31.083010885375522
1.0920064449310303,-21.83606557377049,-21.795146796951496,40.15206767817466
1.1032962799072266,-21.24590163934426,-21.016071168097,16.693055971130654
1.1145837306976318,-20.360655737704917,-20.147941411303297,-6.245571997788613
1.1258995532989502,-19.770491803278688,-19.17750484406945,39.062556087568055
1.1371891498565674,-19.18032786885246,-18.08707288588312,53.92021965259494
