0.0012383460998535156,43.377049180327866,47.216305981140884,88.70487660574454,3.8392568008130183
0.012540340423583984,43.67213114754098,47.61909531111785,33.622615404963106,3.9469641635768724
0.02382349967956543,43.967213114754095,48.06829422250041,35.58638145502589,4.101081107746317
0.035134077072143555,44.26229508196721,48.56103792631293,37.860817499298776,4.298742844345718
0.04640817642211914,44.26229508196721,49.09503459137485,47.25392828893235,4.832739509407638
0.057724952697753906,44.26229508196721,49.66684647091541,52.478234121918575,5.4045513889481995
0.06899809837341309,44.26229508196721,50.273608775958955,57.94551834967782,6.011313693991745
0.08036065101623535,44.26229508196721,50.91302967532495,63.64596500196789,6.65073459335774
0.09163784980773926,44.26229508196721,51.582817337832886,69.56115297001386,7.320522255865676
0.10291314125061035,44.557377049180324,52.27953401671196,68.82839400962597,7.722156967531639
0.11420416831970215,44.85245901639344,53.00088788078167,72.6890517676864,8.14842886438823
0.12547945976257324,45.14754098360656,53.74458709886148,76.69843792659975,8.59704611525492
0.13675594329833984,45.73770491803279,54.50776688197573,74.0070645595233,8.770061963942943
0.1480400562286377,46.32786885245902,55.28813539894392,75.84766593869068,8.960266546484903
0.1593170166015625,46.91803278688525,56.08397377638063,77.788756756754,9.165940989495382
0.1705935001373291,48.09836065573771,56.89184426751509,66.14120405928637,8.793483611777383
0.18198490142822266,48.98360655737705,57.710600956757034,70.23318079235351,8.726994399379983
0.19326162338256836,49.868852459016395,58.53737905513082,69.92065479788187,8.668526596114425
0.20453763008117676,51.049180327868854,59.370459689251035,62.815370737548896,8.321279361382182
0.2158186435699463,52.22950819672131,60.2064051123469,60.106336177058665,7.976896915625588
0.22709178924560547,53.114754098360656,61.04464236662331,64.2234435841846,7.929888268262651
0.2383716106414795,54.295081967213115,61.88173370530942,57.03546671095514,7.586651738096307
0.24964642524719238,55.47540983606557,62.71538729722478,54.209866760270714,7.2399774611592065
0.2609238624572754,56.65573770491803,63.54388426898396,51.315061480323585,6.888146564065927
0.272219181060791,57.83606557377049,64.36378687381615,48.29738162796488,6.527721300045663
0.2835702896118164,59.016393442622956,65.17394919613113,45.18187697529442,6.157555753508177
0.2948765754699707,59.90163934426229,65.97150644695326,48.73728071486172,6.069867102690964
0.3061637878417969,60.786885245901644,66.7530208795117,47.68445437882881,5.966135633610051
0.3174407482147217,61.9672131147541,67.51677362042108,39.64362389393406,5.549560505666975
0.32871460914611816,62.85245901639344,68.25932692291062,42.621464051880544,5.406867906517178
0.34000349044799805,63.73770491803279,68.97781599800467,40.93439886800703,5.240111079971882
0.3512744903564453,64.62295081967213,69.66994901452271,38.99856451140035,5.0469981948505875
0.3625485897064209,65.21311475409836,70.33286118348907,43.59980481431488,5.119746429390716
0.3738265037536621,66.09836065573771,70.96254180033785,36.62788486893023,4.864181144600138
0.38512468338012695,66.68852459016394,71.5566990338885,40.57648977044877,4.86817444372457
0.3964061737060547,67.57377049180329,72.11189513737028,32.91376913197649,4.538124645566995
0.40767788887023926,68.1639344262295,72.62583827960263,36.12478675277267,4.46190385337313
0.41895222663879395,68.75409836065575,73.09509071381477,34.49544564479464,4.340992353159024
0.43024635314941406,69.34426229508196,73.51621469323592,32.42390336366064,4.171952398153962
0.44152355194091797,69.63934426229508,73.8874913444807,36.73956618115391,4.248147082185611
0.45279788970947266,70.22950819672131,74.20548292077831,29.328151529111267,3.9759747240569965
0.46407604217529297,70.81967213114754,74.4690435065385,25.883351592319283,3.649371375390956
0.47534680366516113,71.11475409836066,74.67473535499046,28.734221990833277,3.559981256629797
0.48664355278015137,71.40983606557377,74.82141255054394,26.662957956392617,3.411576484970169
0.4979217052459717,71.70491803278688,74.90735621981356,24.072986308271613,3.2024381870266865
0.5091931819915771,72.0,74.93199340500419,20.976566681707755,2.9319934050041923
0.52046799659729,72.0,74.89417819052557,24.173309595084355,2.8941781905255652
0.5317401885986328,72.0,74.79333761858254,22.424249287187237,2.793337618582541
0.5430309772491455,72.0,74.62947168917512,20.163913413960284,2.6294716891751193
0.5543019771575928,72.0,74.40372631789357,17.41848179216196,2.4037263178935717
0.5655760765075684,72.0,74.11610150473791,14.17047485456171,2.1161015047379124
0.5768487453460693,72.0,73.76774316529836,10.446077803719746,1.7677431652983557
0.5881357192993164,72.0,73.36094313075547,6.2807685300870535,1.360943130755473
0.5994243621826172,72.0,72.89627435890438,1.6531329079568593,0.8962743589043782
0.6106975078582764,72.0,72.37660163872071,-3.3795053228173657,0.3766016387207145
0.621971845626831,72.0,71.80307088579477,-8.833900479488555,-0.19692911420523274
0.6332504749298096,71.70491803278688,71.17911984689731,-7.830285992981228,-0.5257981858895704
0.6445281505584717,71.11475409836066,70.50646739541371,-4.805593609245607,-0.6082867029469554
0.6558051109313965,70.52459016393442,69.78797832031965,-6.536038678476276,-0.7366118436147673
0.667081356048584,69.9344262295082,69.02537149500054,-8.598864905337173,-0.9090547345076629
0.6784193515777588,69.04918032786885,68.22265762402225,-4.109616290381414,-0.8265227038466065
0.6897075176239014,68.1639344262295,67.38040966517994,-4.358026838062484,-0.7835247610495628
0.7009861469268799,67.27868852459017,66.50263832303952,-4.833981091540451,-0.7760502015506461
0.7122576236724854,66.39344262295081,65.59106247098637,-5.558092525297125,-0.8023801519644422
0.7235679626464844,65.50819672131148,64.64797394020104,-6.503351049433882,-0.860222781110437
0.7348775863647461,64.32786885245902,63.67509160406891,-0.8467878594718137,-0.6527772483901089
0.7461667060852051,63.44262295081967,62.675280251565624,-6.608539275920135,-0.7673426992540442
0.7574384212493896,62.26229508196721,61.65025875607658,-1.3053568589978797,-0.6120363258906281
0.7687182426452637,61.08196721311475,60.60117303319204,-0.6055186202358716,-0.4807941799227109
0.7802269458770752,59.90163934426229,59.53031491409253,-0.04714481528335912,-0.37132443016976424
0.791548490524292,58.721311475409834,58.439403272163446,0.374998811797169,-0.2819082032463882
0.8028302192687988,57.540983606557376,57.329011065199914,0.6482729266363589,-0.21197254135746135
0.8141055107116699,56.950819672131146,56.20085716658732,-12.831854998178652,-0.7499625055438273
0.8254191875457764,56.36065573770492,55.05666044971107,-17.566291587832254,-1.3039952879938497
0.836724042892456,55.47540983606557,53.89642091457115,-15.615574032876138,-1.578988921494421
0.8480014801025391,54.59016393442623,52.721857434552966,-18.182686631468226,-1.8683064998732632
0.8593113422393799,53.704918032786885,51.5329700096565,-20.867250298733783,-2.1719480231303834
0.8705976009368896,52.81967213114754,50.33147751326717,-23.62961830330581,-2.4881946178803744
0.8819835186004639,51.63934426229508,49.11795290318008,-19.664614643963642,-2.5213913591150003
0.8932664394378662,50.459016393442624,47.89182322160012,-20.236751207357255,-2.5671931718425043
0.9045431613922119,49.57377049180328,46.65480734191267,-27.68932963616038,-2.918963149890608
0.915823221206665,48.39344262295082,45.40633230632261,-24.001018935565604,-2.987110316628211
0.9271016120910645,46.91803278688525,44.14754403042019,-17.987874691888067,-2.770488756465056
0.938378095626831,45.73770491803279,42.87729659861515,-23.327783917641266,-2.860408319417637
0.9496583938598633,44.26229508196721,41.596162968702636,-17.50374093214915,-2.666132113264574
0.9609570503234863,43.08196721311475,40.304143140682626,-23.011024054355953,-2.777824072432125
0.9722311496734619,41.60655737704918,39.00066415676001,-17.376289680475747,-2.6058932202891683
0.9837102890014648,40.131147540983605,37.685726016934765,-16.259849760631532,-2.4454215240488395
0.9949924945831299,38.950819672131146,36.357036890026386,-22.106261044404132,-2.5937827821047605
1.0062711238861084,37.47540983606557,35.01516973383,-16.807569397067603,-2.4602401022355735
1.0175426006317139,36.0,33.65725975936995,-16.10747367114878,-2.34274024063005
1.0288238525390625,34.52459016393443,32.281588093260844,-15.576561978969409,-2.243002070673583
1.0401556491851807,33.049180327868854,30.885289946527028,-15.255324789545128,-2.163890381341826
1.0514812469482422,31.57377049180328,29.464354614602584,-15.193553338484236,-2.1094158772006963
1.0627937316894531,30.098360655737707,28.011333646150817,-15.50329708566732,-2.0870270095868904
1.0740692615509033,28.622950819672134,26.518205632039894,-16.258312315103854,-2.10474518763224
1.0854263305664062,27.442622950819676,24.968927754006145,-24.52691122393644,-2.47369519681353
1.096703052520752,25.967213114754102,23.338289869063825,-22.590784954524693,-2.6289232456902774
1.107980728149414,24.491803278688522,21.577590564626803,-26.86624774050988,-2.914212714061719
1.1192653179168701,23.016393442622956,19.57109236607866,-34.87123980334556,-3.445301076544297
1.1306178569793701,21.245901639344268,16.87074227762709,-48.405204002600485,-4.375159361717177
