0.001264333724975586,5.901639344262295,0.0,-679.4616393442623
0.012582540512084961,5.901639344262295,0.0,-23.842622950819674
0.023893356323242188,4.721311475409836,0.0,111.9316721311476
0.035176753997802734,4.426229508196721,0.0,14.662918032786873
0.04645872116088867,5.016393442622951,0.0,-86.15862295081965
0.05773615837097168,4.721311475409836,0.0,13.287836065573757
0.0694119930267334,4.426229508196721,0.0,14.37963934426228
0.08069872856140137,4.131147540983607,0.0,15.47734426229507
0.09197711944580078,4.131147540983607,0.0,-17.392131147540983
0.1032707691192627,4.426229508196721,0.0,-51.44783606557375
0.11455297470092773,4.131147540983607,0.0,15.22357377049179
0.1258411407470703,3.8360655737704916,0.0,16.327180327868888
0.1373450756072998,3.8360655737704916,0.0,-16.536393442622952
0.14880061149597168,3.8360655737704916,0.0,-16.613114754098362
0.16008782386779785,3.540983606557377,0.0,17.283245901639333
0.17137551307678223,3.540983606557377,0.0,-15.574426229508196
0.1826472282409668,3.540983606557377,0.0,-15.645245901639344
0.19400906562805176,3.2459016393442623,0.0,18.25701639344261
0.20542049407958984,3.2459016393442623,0.0,-14.594754098360657
0.21677756309509277,3.2459016393442623,0.0,-14.659672131147541
0.22806262969970703,2.9508196721311477,0.0,19.248491803278675
0.23946022987365723,2.6557377049180326,-9.835847893033385,-1112.0352988547936
0.2509586811065674,2.360655737704918,-14.872167522709262,-598.0645210999371
0.26226162910461426,1.180327868852459,-18.82002761035407,-390.2342715330276
0.2736227512359619,-0.5901639344262295,-22.259348033965583,-275.2649141679132
0.2849998474121094,-3.2459016393442623,-25.391608563954655,-145.13563038935746
0.29680585861206055,-6.19672131147541,-28.313501036736294,-89.30119952307284
0.30816030502319336,-9.442622950819672,-31.079470296466464,-37.702570367151594
0.31943631172180176,-12.98360655737705,-33.72331668520048,11.827231079855864
0.33072829246520996,-15.934426229508198,-36.2674575014002,-41.4480331700315
0.34200072288513184,-18.295081967213115,-38.727484117136555,-98.48185671550317
0.3532724380493164,-20.65573770491803,-41.11463214128638,-90.89939056023921
0.3645446300506592,-23.60655737704918,-43.4372205109386,-16.036085924085285
0.37583231925964355,-26.557377049180328,-45.70153820999272,-7.19844877416773
0.38712191581726074,-29.21311475409836,-47.91241571151179,-32.64205265042002
0.39845776557922363,-31.57377049180328,-50.07360704832319,-59.48036479015809
0.4097442626953125,-33.9344262295082,-52.18805325262267,-53.666700778467586
0.4210343360900879,-36.295081967213115,-54.25806881329862,-47.926666563618795
0.43236851692199707,-38.65573770491803,-56.28547665753391,-42.21208378735484
0.443662166595459,-41.01639344262295,-58.27170781324836,-36.484308708566175
0.45494914054870605,-43.377049180327866,-60.21787628986656,-30.71177186934642
0.4662795066833496,-45.73770491803279,-62.124836228294505,-24.86823141158589
0.4776301383972168,-47.80327868852459,-63.993226146109386,-52.9045938487088
0.4889059066772461,-49.57377049180328,-65.823503648634,-82.02087519252893
0.5003154277801514,-51.9344262295082,-67.61597300336874,-10.287154569011115
0.5115892887115479,-54.295081967213115,-69.37080731146287,-3.9837156901689923
0.5228779315948486,-56.36065573770492,-71.08806654896468,-31.496854564866737
0.5342252254486084,-58.131147540983605,-72.76771242523488,-60.03379643372914
0.5454990863800049,-59.90163934426229,-74.40962077277608,-55.61656768474195
0.5567812919616699,-61.967213114754095,-76.01359201328913,-17.04900278477576
0.5682539939880371,-64.0327868852459,-77.57936011996242,-11.075923190126666
0.5796666145324707,-66.09836065573771,-79.10660040282961,-4.901889003650581
0.5909557342529297,-67.8688524590164,-80.59493637354926,-32.491942783695706
0.6022343635559082,-69.34426229508196,-82.04394589187724,-61.05758619200841
0.6135737895965576,-71.11475409836065,-83.45316675396347,-22.651460837655932
0.6249184608459473,-72.88524590163935,-84.82210184920564,-16.807779284648674
0.6362535953521729,-74.36065573770492,-86.15022398540819,-44.706503617319
0.6475968360900879,-76.1311475409836,-87.43698045971347,-5.614646441714804
0.6588737964630127,-77.60655737704919,-88.68179743394757,-33.040692462133535
0.670173168182373,-79.08196721311475,-89.88408415671843,-27.438663577497035
0.6815228462219238,-80.55737704918033,-91.04323706014557,-21.590711246060636
0.6928079128265381,-82.0327868852459,-92.15864374600102,-15.492529801828297
0.7041826248168945,-83.50819672131148,-93.22968686395546,-9.140212339186881
0.7155084609985352,-84.68852459016394,-94.25574787334592,-36.503334761366716
0.7268333435058594,-85.8688524590164,-95.23621066928646,-30.824758539290276
0.738184928894043,-87.34426229508196,-96.17046504401472,9.084455599414063
0.7494597434997559,-88.52459016393442,-97.0579099451297,-17.500483961630366
0.7608637809753418,-89.40983606557377,-97.89795648395065,-45.00982194488927
0.7724108695983887,-90.29508196721312,-98.69003063973808,-39.47477448369414
0.7837095260620117,-91.47540983606558,-99.43357559915985,0.2921738351675671
0.7949981689453125,-92.65573770491804,-100.12805366533703,7.537998301959448
0.8062911033630371,-93.24590163934427,-100.77294766726898,-52.89583284430205
0.8175773620605469,-93.8360655737705,-101.36776179857304,-47.50064305097474
0.828866720199585,-95.01639344262296,-101.91202181442955,26.096539033098836
0.8401608467102051,-95.90163934426229,-102.40527451746438,0.415060199965545
0.8514866828918457,-96.49180327868852,-102.8470864670439,-26.18985642625735
0.8627750873565674,-96.78688524590164,-103.23704185201676,-53.72337093842451
0.8741459846496582,-97.37704918032787,-103.57473947414874,-14.244194749095204
0.8854629993438721,-98.26229508196721,-103.85978879808277,26.681299207491854
0.896813154220581,-98.85245901639344,-104.09180503325788,1.1148101502361456
0.9081001281738281,-99.14754098360656,-104.27040322337585,-25.373232040850034
0.9193825721740723,-99.44262295081967,-104.39519132918272,-18.812215684903816
0.9306640625,-99.73770491803279,-104.4657622999336,-11.984612753484893
0.9419593811035156,-100.32786885245902,-104.48168513729483,29.088136517151163
0.9533219337463379,-100.62295081967213,-104.44249496192941,3.6856437026738007
0.9646756649017334,-100.62295081967213,-104.3476820969309,-22.616159254069863
0.9760212898254395,-100.62295081967213,-104.19668018291898,-15.840404760359533
0.9873886108398438,-100.91803278688525,-103.98885333628611,25.210541631500558
0.998781681060791,-100.91803278688525,-103.72348235407901,-0.1771494422435005
1.0100765228271484,-100.91803278688525,-103.39974995554516,7.5527411379998775
1.0213661193847656,-101.21311475409836,-103.01672503064015,49.6040008575838
1.0326673984527588,-100.91803278688525,-102.57334583879566,-8.703598469048657
1.0439913272857666,-100.62295081967213,-102.06840206579282,-1.052558093728308
1.055281162261963,-100.62295081967213,-101.5005156011313,40.98191434119458
1.0666258335113525,-100.62295081967213,-100.86811984081582,50.6742863514395
1.0779352188110352,-100.0327868852459,-100.16943724828411,-7.1028807270539875
1.0892236232757568,-99.73770491803279,-99.40245481558844,35.16714213640002
1.1005349159240723,-99.44262295081967,-98.56489695287054,45.196306843576636
1.1118314266204834,-98.85245901639344,-97.65419518966304,21.842662903520402
1.123159646987915,-97.9672131147541,-96.66745388691368,-2.0633834884618913
1.1344642639160156,-97.37704918032787,-95.60141092026439,41.47378504223192
