0.001706838607788086,9.73770491803279,16.87074227762709,164.80668828221843,7.133037359594301
0.013258934020996094,9.73770491803279,18.55581115310684,96.777664011191,8.818106235074051
0.02467966079711914,10.32786885245902,19.978465358416674,90.777513939984,9.650596505957655
0.03608846664428711,11.213114754098356,21.29111166706139,88.21047586404512,10.077996912963034
0.04759860038757324,12.098360655737707,22.544743322807633,90.35827867736887,10.446382667069926
0.05904054641723633,13.278688524590166,23.763997510846025,85.78097129119595,10.485308986255859
0.07042479515075684,14.459016393442624,24.962052260464574,85.65593171767865,10.50303586702195
0.0818028450012207,15.93442622950819,26.146928980795117,78.72671229563932,10.212502751286927
0.09366846084594727,17.11475409836065,27.32435724978896,83.06571340974236,10.209603151428311
0.1051487922668457,18.59016393442623,28.496628898626625,76.15327566798848,9.906464964200396
0.11666393280029297,19.47540983606558,29.666035758488633,87.31236255318598,10.190625922423052
0.12808656692504883,21.245901639344268,30.835442618350644,69.20995682952221,9.589540979006376
0.13952279090881348,22.721311475409834,32.004849478212655,71.20119485908343,9.283538002802821
0.1509408950805664,24.196721311475414,33.17540225366493,68.79124120239763,8.978680942189513
0.1624906063079834,25.67213114754098,34.34767390250259,66.40238003758104,8.675542754961612
0.17390799522399902,27.14754098360656,35.52223738252078,64.03926309437966,8.374696398914217
0.18547534942626953,28.622950819672134,36.699092693719486,61.693306777473985,8.076141874047352
0.19690871238708496,29.213114754098363,37.87881279389385,79.83110086004594,8.665698039795487
0.209639310836792,30.688524590163937,39.06082472524874,64.24961658564209,8.372300135084807
0.22124528884887695,32.16393442622951,40.245701445579286,61.97725448781404,8.081767019349776
0.23275542259216309,33.34426229508197,41.43286999709035,66.53128744945272,8.088607702008382
0.24429965019226074,34.81967213114754,42.62290333757707,59.87315534837237,7.80323120642953
0.255812406539917,36.0,43.814655551449185,64.45443403310102,7.814655551449185
0.26716113090515137,37.18032786885246,45.00869959650182,64.63670587515021,7.828371727649362
0.278653621673584,38.36065573770492,46.20503547273498,64.83761678739631,7.84437973503006
0.2900278568267822,39.540983606557376,47.4025172645584,65.03070150550768,7.861533658001022
0.30146098136901855,41.01639344262295,48.601144971972076,58.41537382127242,7.584751529349127
0.3128073215484619,42.19672131147541,49.800918594976025,63.05204239918273,7.604197283500618
0.32416486740112305,43.377049180327866,51.00069221797997,63.24538413008661,7.623643037652101
0.335491418838501,44.557377049180324,52.201038798779045,63.45205527400437,7.643661749598721
0.34688615798950195,45.73770491803279,53.40081242178299,63.63698812097182,7.663107503750197
0.3583059310913086,46.91803278688525,54.6000130869918,63.817368711941974,7.681980300106552
0.3696010112762451,48.09836065573771,55.79749487881522,63.96671831807434,7.699134223077515
0.380997896194458,49.278688524590166,56.99383075504838,64.11545561248718,7.715142230458213
0.3922872543334961,50.459016393442624,58.18672888451075,64.20202877057372,7.727712491068125
0.40356993675231934,51.63934426229508,59.3773351827926,64.2872751385703,7.737990920497516
0.4148833751678467,53.114754098360656,60.563930776508535,57.4965008292401,7.449176678147879
0.42617201805114746,54.295081967213115,61.74594270786342,61.90263535377179,7.450860740650306
0.43744969367980957,55.47540983606557,62.922798019062135,61.83216105889397,7.447388182996562
0.4488542079925537,56.65573770491803,64.09449671010466,61.719877583615144,7.438759005186633
0.4601411819458008,57.83606557377049,65.25931990760563,61.526046637913616,7.423254333835139
0.47142529487609863,59.31147540983606,66.4166946537699,54.445400661912295,7.105219243933831
0.482708215713501,60.49180327868852,67.5654750330072,58.52042625756724,7.073671754318681
0.4939892292022705,61.67213114754098,68.70566104531754,58.09941930619105,7.03352989777656
0.5052697658538818,63.14754098360656,69.83610677511065,50.764312558648854,6.6885657915040895
0.5165460109710693,64.32786885245902,70.95566630679627,54.56617621221743,6.627797454337255
0.5278482437133789,65.50819672131148,72.06376668257928,53.84005735863365,6.555569961267807
0.5391240119934082,66.68852459016394,73.1586890290743,52.98101196108121,6.470164438910359
0.5505292415618896,68.1639344262295,74.24100630407642,45.21021887370333,6.077071877846919
0.5618147850036621,69.34426229508196,75.30842667640515,48.52647569254894,5.964164381323187
0.573096752166748,70.52459016393442,76.36037718826533,47.281999392897745,5.835787024330912
0.5843758583068848,71.70491803278688,77.39628488186186,45.89830312356051,5.691366849074981
0.5956573486328125,72.59016393442623,78.41500384160447,51.17521014214859,5.824839907178244
0.6069519519805908,73.77049180327869,79.41596110969802,45.05618709880888,5.645469306419329
0.6182382106781006,74.95081967213115,80.39743781275712,43.17888328562699,5.446618140625972
0.6295161247253418,76.1311475409836,81.35943395078178,41.14276073653124,5.228286409798173
0.6407947540283203,77.01639344262296,82.30023065038658,45.72579416682666,5.283837207763625
0.6521751880645752,78.19672131147541,83.21982791157156,38.89326376124647,5.023106600096142
0.6634550094604492,79.37704918032787,84.11707981874642,36.28744630550681,4.7400306384185455
0.6748135089874268,80.26229508196721,84.99141341411605,40.30373831200173,4.729118332148843
0.686103343963623,81.14754098360656,85.8416827820902,39.68152744483399,4.694141798483642
0.6974496841430664,82.32786885245902,86.66788792266884,32.0463385163167,4.34001907020982
0.7087554931640625,83.21311475409836,87.46888292026173,35.43198566733219,4.255768166163378
0.72003173828125,84.09836065573771,88.24409481707373,34.1734486670752,4.145734161336023
0.7313151359558105,84.98360655737704,88.99352361310487,32.705430210098086,4.009917055727826
0.7426362037658691,85.8688524590164,89.71659635055995,31.014571097854734,3.8477438915435584
0.7539365291595459,86.75409836065573,90.41216711384878,29.082865787861987,3.6580687531930494
0.7652173042297363,87.63934426229508,91.08080886076645,26.940611772661647,3.44146459847137
0.7764892578125,88.52459016393442,91.72194863351784,24.565850100982242,3.1973584695834205
0.7877655029296875,89.11475409836065,92.33558643210296,28.78482620834038,3.220832333742308
0.7990517616271973,90.0,92.92114929872665,21.523769538799304,2.9211492987266467
0.8103327751159668,90.59016393442623,93.47921019118408,25.2910133119618,2.889046256757851
0.8216111660003662,91.18032786885246,94.00919615168009,24.39574342463488,2.828868282827628
0.8328988552093506,92.06557377049181,94.51168013800981,16.468109489863117,2.4461063675179986
0.8441751003265381,92.65573770491804,94.98666215017326,19.55979116013009,2.3309244452552207
0.8554842472076416,93.24590163934427,95.43471514596557,18.015044735109335,2.188813506621301
0.8667726516723633,93.8360655737705,95.8552661675916,16.23814077172437,2.019200593821097
0.8780639171600342,94.42622950819673,96.2494611306416,14.264020413562303,1.8232316224448795
0.8893380165100098,94.72131147540983,96.61787299291072,18.906389399131545,1.896561517500885
0.9006376266479492,95.31147540983606,96.95992879660382,12.082890884273983,1.6484533867677555
0.911921501159668,95.60655737704919,97.27792037290143,16.341580221203223,1.671362995852249
0.9231936931610107,96.19672131147541,97.57070180621328,9.134858017518813,1.3739804947378644
0.934492826461792,96.78688524590164,97.8405649277199,6.201599050296085,1.0536796818182523
0.9457676410675049,97.08196721311475,98.08750973742129,9.898868955433823,1.0055425243065343
0.9570565223693848,97.67213114754098,98.31210919311256,2.1793947561463645,0.6399780455715813
0.9683322906494141,98.26229508196721,98.51550921038401,-1.270194442701217,0.2532141284168006
0.9796125888824463,98.55737704918033,98.69885570482587,1.950839843285967,0.14147865564554252
0.9908959865570068,98.85245901639344,98.86329459202841,0.6090677138161191,0.010835575634970951
1.002176284790039,99.14754098360656,99.00882587199165,-0.8865589225222426,-0.13871511161491412
1.0134875774383545,99.14754098360656,99.13774137589608,4.334603468262298,-0.009799607710476721
1.024763584136963,99.44262295081967,99.25061406153685,-1.8090659364049655,-0.19200888928281756
1.036055564880371,99.44262295081967,99.34858984450422,3.1868719181266494,-0.09403310631545025
1.0473990440368652,99.44262295081967,99.43281464038846,3.6627818594830397,-0.009808310431210998
1.0586960315704346,99.73770491803279,99.50443436477981,-2.7636642595636705,-0.23327055325297863
1.069979190826416,99.73770491803279,99.56459493326855,1.977164897924353,-0.17310998476423833
1.0812547206878662,99.73770491803279,99.61444226144492,2.225650316981418,-0.12326265658786895
1.0925323963165283,100.0327868852459,99.6551222648992,-4.400519992208576,-0.37766462034669246
1.1038062572479248,100.0327868852459,99.68778085922168,0.16830146470052032,-0.3450060260242225
1.1150803565979004,100.0327868852459,99.71356396000256,0.27251183015326186,-0.31922292524333784
1.1263551712036133,100.0327868852459,99.73361748283214,0.34759559961205744,-0.299169402413753
1.1376292705535889,100.32786885245902,99.74851438550553,-6.428205199694311,-0.5793544669534896
