0.0015730857849121094,0.0,0.0,0.0
0.01305079460144043,0.0,62.57944338420781,7142.379611769791
0.024481773376464844,0.0,61.619463948646725,80.92649274263488
0.03579545021057129,1.180327868852459,60.68271948406736,-52.681420617440835
0.047095298767089844,2.360655737704918,59.76871774832005,-55.17446472374874
0.058441162109375,2.6557377049180326,58.876948106534776,43.33263464735691
0.06985616683959961,2.6557377049180326,58.00688566396208,77.13893364546294
0.08117508888244629,2.9508196721311477,57.157994993127495,44.4651378589586
0.09254717826843262,4.131147540983607,56.329733473905115,-56.48069312700707
0.10394001007080078,4.721311475409836,55.521554267736676,8.246953596409242
0.11579632759094238,5.016393442622951,54.73290894893225,41.04681729741462
0.12728404998779297,5.60655737704918,53.96324981694011,7.353917075721284
0.138688325881958,5.901639344262295,53.21203191380413,40.091721939656466
0.14997100830078125,6.491803278688525,52.47871477086202,6.335109667263737
0.1612684726715088,7.377049180327869,51.76276390818575,-28.349262594068847
0.17255783081054688,7.672131147540983,51.0636521094202,37.06747971737357
0.18397855758666992,7.967213114754099,50.38086049361888,36.88031106000376
0.19526243209838867,8.557377049180328,49.713879404471626,2.9841900091430773
0.20655512809753418,8.852459016393443,49.062209136025295,35.51660086271353
0.21794533729553223,9.442622950819672,48.425360512657655,1.5531787630143583
0.22927188873291016,10.032786885245901,47.80285533971374,0.3398280669325402
0.2405555248260498,10.62295081967213,47.19422673987855,-0.910141550922873
0.2518308162689209,11.21311475409836,46.59901938906301,-2.196517104857378
0.2631063461303711,11.21311475409836,46.01678966433477,63.83813649920252
0.2743833065032959,11.508196721311476,45.44710571524394,30.597615965988638
0.2856593132019043,11.80327868852459,44.889547468781636,30.11489218288591
0.2969799041748047,12.688524590163935,44.34370657717145,-37.75373209620696
0.30826568603515625,12.98360655737705,43.809186316731314,27.267175543506568
0.31956052780151367,12.98360655737705,43.285601445155656,60.364959267448555
0.3308537006378174,13.573770491803279,42.77257802375369,-6.702440662117084
0.3421952724456787,13.868852459016393,42.26975321043615,25.448688814707666
0.3534731864929199,14.163934426229508,41.7767750285672,24.786059927597066
0.36475491523742676,14.754098360655737,41.29330211618553,-9.58170059122044
0.3760383129119873,15.049180327868852,40.819003459546025,22.483306834902876
0.38731884956359863,15.049180327868852,40.353558114435614,55.41421986720169
0.3985929489135742,15.344262295081966,39.89665491827029,21.860691267197964
0.4098660945892334,15.934426229508198,39.447992195580994,-12.609735463517154
0.4212968349456787,16.229508196721312,39.0072774591385,19.353946508174303
0.43257927894592285,16.524590163934427,38.574227108650476,18.506239155641808
0.4438600540161133,16.81967213114754,38.148566128681,17.634286329725867
0.4551379680633545,17.114754098360656,37.73002778719258,16.738364909045117
0.46642327308654785,17.40983606557377,37.318353335889654,15.818736735843402
0.4777078628540039,17.704918032786885,36.91329171334644,14.875648203867286
0.4889853000640869,18.0,36.514599251730544,13.90932994071386
0.5002644062042236,18.59016393442623,36.122039387781946,-20.75859359404224
0.511540412902832,18.59016393442623,35.73538237857408,44.68820719523568
0.5229432582855225,18.885245901639344,35.35440502246813,10.86657020272716
0.534226655960083,19.18032786885246,34.9788903855694,9.809316959593176
0.5455663204193115,19.475409836065573,34.608627533906784,8.729744401688137
0.5568430423736572,19.770491803278688,34.24341127147882,7.627985517516734
0.5681228637695312,20.360655737704917,33.88304188424362,-27.174433261717155
0.5794098377227783,20.360655737704917,33.527324890071746,38.138719440811876
0.5906832218170166,20.65573770491803,33.17607079463116,4.184183262739708
0.6019604206085205,20.950819672131146,32.82909485313072,2.994681553024904
0.6132357120513916,21.24590163934426,32.48621683781118,1.783413215678877
0.6246438026428223,21.540983606557376,32.147260811041164,0.5504134019547848
0.6359357833862305,21.83606557377049,31.812054903848388,-0.7042989196547751
0.6472249031066895,22.131147540983605,31.480431099692847,-1.9807209448988914
0.6585078239440918,22.131147540983605,31.152225023269054,30.399724135458612
0.6698658466339111,22.131147540983605,30.827275734107214,29.97805597768474
0.681147575378418,22.131147540983605,30.50542552472868,29.541081318994244
0.6924548149108887,22.42622950819672,30.186519723098517,-4.589851972494657
0.7037780284881592,22.721311475409838,29.870406499107084,-5.955871361570516
0.7150552272796631,22.721311475409838,29.55693667480331,26.334666161617164
0.7264618873596191,22.42622950819672,29.245963538093708,59.50128871607812
0.7377645969390869,22.42622950819672,28.93734265961411,26.193179875147784
0.7490506172180176,23.016393442622952,28.63093171247383,-41.7011821646051
0.7603318691253662,23.311475409836067,28.326590294566046,-10.372319870935428
0.7716152667999268,23.016393442622952,28.024179753131534,55.5041122390863
0.7828874588012695,23.016393442622952,27.723563011257372,22.118278147907397
0.794163703918457,23.311475409836067,27.424604395985607,-12.175971115949402
0.8054366111755371,23.311475409836067,27.12716946770084,19.971820212297793
0.8167109489440918,23.311475409836067,26.831124850458714,19.31559749852441
0.8281154632568359,23.60655737704918,26.536338062910396,-15.036647334578845
0.8394227027893066,23.60655737704918,26.242677349469947,17.052336843708915
0.8506965637207031,23.60655737704918,25.95001151136324,16.336436913551097
0.8619832992553711,23.60655737704918,25.65820973718772,15.602174950405555
0.8732790946960449,23.60655737704918,25.36714143260165,14.849199425423109
0.8845677375793457,23.901639344262296,25.076676048750617,-19.601453153496237
0.8958427906036377,23.901639344262296,24.786682909026055,12.387362361907513
0.9071171283721924,23.901639344262296,24.497031033737066,11.56942358590991
0.9183938503265381,24.19672131147541,24.20758896226133,-22.947450389361464
0.9297971725463867,24.19672131147541,23.9182245722242,8.97381323360517
0.941129207611084,24.19672131147541,23.628804895236804,8.086917053154544
0.9524073600769043,24.19672131147541,23.339195928703397,7.178192444386511
0.9636826515197754,24.19672131147541,23.0492624431864,6.247090263947555
0.9749727249145508,24.491803278688526,22.75886778479314,-28.385558032208223
0.9862508773803711,24.491803278688526,22.467873672021682,3.4171796617313106
0.9980888366699219,24.19672131147541,22.176139986474638,36.08744950592771
1.009650707244873,24.491803278688526,21.883524556817644,-31.40470120439722
1.02121901512146,24.491803278688526,21.58988293532561,0.3233629416057582
1.032740831375122,24.19672131147541,21.295068166321936,32.91683103289167
1.0442702770233154,24.19672131147541,20.998930545775558,-0.9757690423709171
1.0557105541229248,24.491803278688526,20.70131737127662,-35.78804789170936
1.0670177936553955,24.19672131147541,20.40207268156378,29.508407302034364
1.078303575515747,23.901639344262296,20.101036984724193,29.207932268385015
1.089622974395752,23.901639344262296,19.798046974131488,-4.795315009974974
1.1009025573730469,24.19672131147541,19.4929352311258,-39.72197970355455
1.1121997833251953,24.19672131147541,19.18552991337496,-8.222430792057168
1.1236557960510254,23.60655737704918,18.875654427784156,57.813596788731516
1.1349499225616455,23.311475409836067,18.563127086745546,24.57529423446957
