0.0018563270568847656,0.0,0.0,0.0
0.013153314590454102,0.0,0.0,0.0
0.0245053768157959,0.0,0.0,0.0
0.03584408760070801,0.0,0.0,0.0
0.04712224006652832,0.0,0.0,0.0
0.05845928192138672,0.0,0.0,0.0
0.06996798515319824,0.0,0.0,0.0
0.08137822151184082,0.0,0.0,0.0
0.09272122383117676,0.0,0.0,0.0
0.10409140586853027,0.0,0.0,0.0
0.1155860424041748,0.0,0.0,0.0
0.12729787826538086,0.0,0.0,0.0
0.13865399360656738,0.0,0.0,0.0
0.1499319076538086,0.0,0.0,0.0
0.16131138801574707,0.0,0.0,0.0
0.1727147102355957,0.0,0.0,0.0
0.1842970848083496,0.0,0.0,0.0
0.19559764862060547,0.0,0.0,0.0
0.2068922519683838,0.0,0.0,0.0
0.21817231178283691,0.0,0.0,0.0
0.22944355010986328,0.0,0.0,0.0
0.24071693420410156,0.0,0.0,0.0
0.25199031829833984,0.0,0.0,0.0
0.2632629871368408,0.0,0.0,0.0
0.27478933334350586,0.0,-8.761964647060562,-1008.7737517807295
0.2860732078552246,0.0,-13.846976831889858,-620.8408750257064
0.29737210273742676,0.0,-17.69929731398236,-499.63853511756804
0.30866122245788574,0.0,-21.00187708929337,-452.18665208939956
0.31994199752807617,0.0,-23.97721353100048,-428.2072080867852
0.3312263488769531,0.0,-26.729659346649562,-414.985984184381
0.34256577491760254,0.0,-29.317352142227886,-407.61722959645675
0.35384559631347656,0.0,-31.77620554977983,-403.7726940946612
0.3651251792907715,0.0,-34.129995082601546,-402.1966999424494
0.3765740394592285,0.0,-36.39526044767644,-402.1496578091858
0.3878793716430664,0.0,-38.583941527090865,-403.1667043933644
0.3992760181427002,0.0,-40.70490586415752,-404.94058489991113
0.4105513095855713,0.0,-42.764886543780015,-407.2598501869993
0.42182421684265137,0.0,-44.76908529047814,-409.974040530441
0.4331092834472656,0.0,-46.72157523630439,-412.9730152447976
0.44444966316223145,0.0,-48.625578532658,-416.17413989131035
0.4557468891143799,0.0,-50.483662898235245,-419.5140522940919
0.4671192169189453,0.0,-52.29788402766626,-422.9432064609248
0.47840380668640137,0.0,-54.06989087717878,-426.42216082049515
0.4896845817565918,0.0,-55.80100490596565,-429.918994830114
0.5009598731994629,0.0,-57.4922806757339,-433.40747472488425
0.5122911930084229,0.0,-59.14455286893173,-436.86572815873797
0.5235612392425537,0.0,-60.75847325599402,-440.2752716405805
0.5348689556121826,0.0,-62.33454011947823,-443.620287038623
0.5461447238922119,0.0,-63.8731219457677,-446.88707681495214
0.557415246963501,0.0,-65.3744767108605,-450.0636494129177
0.56868577003479,0.0,-66.83876774486615,-453.1394006790115
0.5800876617431641,0.0,-68.26607691467304,-456.1048669835451
0.5914123058319092,0.0,-69.65641568591009,-458.9515324267186
0.6026887893676758,0.0,-71.00973449384767,-461.6716772061783
0.6139788627624512,0.0,-72.32593075470278,-464.25825753581194
0.6253130435943604,0.0,-73.60485577458164,-466.70480987470654
0.6365993022918701,0.0,-74.84632075649391,-469.0053739389806
0.6478695869445801,0.0,-76.05010206188169,-471.15443021945623
0.6592161655426025,0.0,-77.21594584863716,-473.1468486506969
0.6706297397613525,0.0,-78.34357218023894,-474.9778457611261
0.6820073127746582,0.0,-79.43267867869591,-476.6429481479756
0.6934249401092529,0.0,-80.48294377617547,-478.137960509417
0.704704761505127,0.0,-81.49402960556742,-479.4589367626124
0.7159771919250488,0.0,-82.46558455811225,-480.6021530065948
0.7272510528564453,0.0,-83.39724552608178,-481.5640812688467
0.7385287284851074,0.0,-84.28863983997434,-482.34136312007143
0.7498002052307129,0.0,-85.13938690248175,-482.9307823594951
0.7610697746276855,0.0,-85.94909951541437,-483.3292360748304
0.7723453044891357,0.0,-86.71738489066794,-483.53370346790007
0.783759355545044,0.0,-87.44384533208638,-483.5412119168604
0.7950994968414307,0.0,-88.12807857162392,-483.3487998182537
0.8063898086547852,0.0,-88.76967774048427,-482.95347582149253
0.8177273273468018,0.0,-89.36823095384916,-482.35217413297323
0.8291497230529785,0.0,-89.9233204863598,-481.5417056293454
0.8404288291931152,0.0,-90.43452151461815,-480.5187045766961
0.8517031669616699,0.0,-90.9014004025679,-479.27957080471674
0.8629813194274902,0.0,-91.32351250561683,-477.82040722991024
0.8743283748626709,0.0,-91.70039946967299,-476.1369526569019
0.885709285736084,0.0,-92.03158600176987,-474.22450980989777
0.8970670700073242,0.0,-92.31657608950331,-472.0778685529564
0.9084117412567139,0.0,-92.55484864692794,-469.6912242454495
0.9196958541870117,0.0,-92.74585256466185,-467.05809114300354
0.9310269355773926,0.0,-92.88900114149378,-464.17121069020175
0.9424264430999756,0.0,-92.9836658735091,-461.02245445431424
0.9537143707275391,0.0,-93.02916957434262,-457.60272131349456
0.9649982452392578,0.0,-93.02477879627081,-453.90182833148265
0.9765133857727051,0.0,-92.96969551606594,-449.908394516478
0.9878551959991455,0.0,-92.8630480413589,-445.60971636314565
0.9991750717163086,0.0,-92.70388108213521,-440.9916337037656
1.0104541778564453,0.0,-92.49114491721674,-436.03838392848274
1.0217270851135254,0.0,-92.22368356632575,-430.7324420576516
1.033017873764038,0.0,-91.90022185352468,-425.0543434313285
1.044311285018921,0.0,-91.51935121615041,-418.98248488790057
1.0555903911590576,0.0,-91.07951407309278,-412.4928991841483
1.0668680667877197,0.0,-90.57898651518516,-405.5589959984246
1.0784742832183838,0.0,-90.0158590156252,-398.15126106356286
1.089750051498413,0.0,-89.38801477581097,-390.2369026734317
1.1010246276855469,0.0,-88.6931052164532,-381.77943182052684
1.1122968196868896,0.0,-87.92852198807357,-372.7381583080811
1.1236145496368408,0.0,-87.09136469902589,-363.06757999098363
1.134887456893921,0.0,-86.17840332901592,-352.7166353377236
