0.0014805793762207031,48.39344262295082,51.92544609932112,190.76350775875986
0.01348423957824707,48.68852459016394,51.94148891758478,-0.8722504597516316
0.02504277229309082,48.98360655737705,51.958677651438705,-1.8967769027341959
0.03661036491394043,48.98360655737705,51.97758525867802,13.048835343161084
0.04803586006164551,48.68852459016394,51.99706582371247,29.12291713489934
0.059462785720825195,48.68852459016394,52.01769230433718,14.541912153397405
0.07095193862915039,48.68852459016394,52.038318784961895,14.657916017844238
0.0826570987701416,48.68852459016394,52.06009118117686,14.836017048126722
0.0941171646118164,48.68852459016394,52.0812906195967,14.926094572344345
0.1056215763092041,48.68852459016394,52.10191710022141,15.014086530186962
0.11714720726013184,48.68852459016394,52.12254358084612,15.130932642592992
0.12868237495422363,48.68852459016394,52.14145118808543,15.155148668259466
0.14022445678710938,48.68852459016394,52.15978583752962,15.234551988753434
0.15170907974243164,48.68852459016394,52.17640161358842,15.249950193953593
0.1631765365600586,48.68852459016394,52.19072555846669,15.227676424123281
0.17465424537658691,48.68852459016394,52.20275767216443,15.196355650707833
0.18621015548706055,48.68852459016394,52.21249795468166,15.155964955396211
0.19768810272216797,48.68852459016394,52.21937344822323,15.075535969360239
0.20912623405456543,48.68852459016394,52.222811194994016,14.952742483952402
0.2206583023071289,48.68852459016394,52.222811194994016,14.816198011461426
0.23223376274108887,48.68852459016394,52.2188004904281,14.634922723904705
0.24374985694885254,48.68852459016394,52.210779081296266,14.437524403992626
0.25527119636535645,48.68852459016394,52.19760105200826,14.162072043650479
0.26666998863220215,48.68852459016394,52.18041231815433,13.927700757218611
0.27826929092407227,48.68852459016394,52.157494006349104,13.584238306594562
0.289705753326416,48.68852459016394,52.128846116592555,13.217571065266597
0.30113720893859863,48.68852459016394,52.094468648884714,12.827641737457805
0.31286191940307617,48.68852459016394,52.05436160322555,12.414393027385714
0.3242485523223877,48.68852459016394,52.00795202181995,11.946822188758109
0.33562302589416504,48.68852459016394,51.95466694687279,11.422568635458347
0.34698963165283203,48.68852459016394,51.89450637838405,10.870211502306676
0.3583672046661377,48.68852459016394,51.82689735855861,10.258736583853878
0.3697361946105957,48.68852459016394,51.75241284519161,9.647662735857939
0.3811042308807373,48.68852459016394,51.66990692269277,8.946382412596101
0.3930974006652832,48.68852459016394,51.5793795910621,8.212111179491
0.4044981002807617,48.68852459016394,51.481403808094726,7.475714272965469
0.41587305068969727,48.68852459016394,51.374833658200394,6.646578417720669
0.4272427558898926,48.68852459016394,51.2596691413791,5.781913449599445
0.4386453628540039,48.68852459016394,51.13591025763084,4.881633424932881
0.450084924697876,48.68852459016394,51.00355700695562,3.94565240005171
0.4615325927734375,48.68852459016394,50.86203643155831,2.942938980772153
0.4729750156402588,48.68852459016394,50.7113485314389,1.9020493836022911
0.48441529273986816,48.68852459016394,50.5514933065974,0.8228919352960009
0.4959681034088135,48.68852459016394,50.38247075703381,-0.2946250373942956
0.5074741840362549,48.68852459016394,50.20428088274812,-1.4505932077158192
0.5188765525817871,48.39344262295082,50.016350725945216,13.261327349749639
0.5303466320037842,48.39344262295082,49.81868028662508,-2.756214517411296
0.5418145656585693,48.09836065573771,49.611842522582855,11.907629238491815
0.5532820224761963,47.80327868852459,49.39526447602341,11.750550653120417
0.5647494792938232,47.80327868852459,49.168373189151595,-4.413123925634482
0.5762169361114502,47.80327868852459,48.93231457755769,-5.804434249224391
0.5876824855804443,47.50819672131148,48.68651568344658,8.671565467600365
0.5992617607116699,47.21311475409836,48.43040354902309,8.323955671089212
0.6107547283172607,47.21311475409836,48.16512408987753,-7.940106668894526
0.6225254535675049,47.21311475409836,47.89010434821473,-9.52042986546669
0.6340413093566895,46.91803278688525,47.60477136623958,4.763869806317339
0.6454379558563232,46.622950819672134,47.31027105954234,4.3147034146745415
0.6568295955657959,46.622950819672134,47.006030470327865,-12.139540632193931
0.6683495044708252,46.32786885245902,46.692622556391306,2.0865352425030808
0.6798088550567627,46.32786885245902,46.36947435993753,-14.446753974754035
0.6913363933563232,46.032786885245905,46.03658588096652,-0.3308577970340745
0.7027773857116699,45.73770491803279,45.69453007727341,-0.9775511274666164
0.7142174243927002,45.442622950819676,45.34387990665335,-1.6305297178839167
0.7256500720977783,44.85245901639344,44.983489453516064,13.556958746438152
0.7370543479919434,44.26229508196721,44.61450463345181,14.015478953051986
0.7487964630126953,43.967213114754095,44.236352488665474,-1.5265749602614243
0.7601900100708008,43.67213114754098,43.84960597695216,-2.3211767363170086
0.7715818881988525,43.377049180327866,43.45483805610703,-3.1202131186783495
0.7829732894897461,42.78688524590164,43.050902810539796,11.92307393695477
0.7948548793792725,42.19672131147541,42.63951911363586,12.270200298230577
0.8071255683898926,41.60655737704918,42.2201140076001,12.558300721506548
0.818713903427124,41.60655737704918,41.792687492432506,-19.058811215913234
0.8302872180938721,41.31147540983606,41.35781252592821,-5.235844048096292
0.8422122001647949,41.01639344262295,40.91548910808722,-6.198241460787774
0.8537273406982422,40.42622950819672,40.46629019670465,8.776342921848393
0.8651769161224365,40.131147540983605,40.01021579178052,-6.966709184221282
0.8766970634460449,39.540983606557376,39.547838851109944,7.983478916580472
0.8885090351104736,39.24590163934426,39.07973233248806,-7.7508582403446145
0.9001672267913818,38.65573770491803,38.60532327811974,7.150628708953371
0.9118940830230713,38.36065573770492,38.12575760359524,-8.601584470098276
0.923175573348999,38.0655737704918,37.64103530891456,-9.622222172393226
0.9344558715820312,37.77049180327869,37.15230230966797,-10.603543423758955
0.945749044418335,37.18032786885246,36.660131563650594,4.365438388941264
0.9570412635803223,36.59016393442623,36.1639501130673,4.536570957803357
0.9691109657287598,36.0,35.66547683130349,4.785396777739983
0.9804117679595947,35.704918032786885,35.16471171835914,-10.911427788011363
0.9916946887969971,35.704918032786885,34.66337364761968,-27.7099417652327
1.002983570098877,35.114754098360656,34.16146261908508,2.113085775095743
1.0142631530761719,34.52459016393443,33.66069750614073,2.5193379139578234
1.0255436897277832,34.22950819672131,33.161651266581785,-12.975352436112269
1.0368313789367676,34.22950819672131,32.66604277379363,-29.55563208361063
1.0481600761413574,33.63934426229508,32.175017943366505,0.5636609085597559
1.059448480606079,33.34426229508197,31.690295648685836,-14.650411641107492
1.0707387924194336,33.049180327868854,31.214167720932117,-14.963227262991794
1.0824763774871826,32.459016393442624,30.74892599128589,0.8177689181370003
1.093747615814209,31.868852459016395,30.29571637533741,1.9514605160985
1.1051044464111328,31.57377049180328,29.859122535447725,-12.555043011887284
1.1165144443511963,31.278688524590166,29.440863345002217,-12.14939768440384
1.1277945041656494,30.98360655737705,29.044376550771695,-11.485789481790292
1.139143943786621,30.393442622950822,28.674818772912307,5.479998085189154
1.1504230499267578,29.508196721311478,28.334481842604603,23.8630375599686
