0.006252288818359375,73.77049180327869,73.77060795427401,0.006621768243473412
0.028983592987060547,73.77049180327869,74.16881362188992,22.70252049077031
0.04652094841003418,73.77049180327869,74.58191619217926,26.347197860356086
0.05823469161987305,73.77049180327869,75.00361312939555,29.74112598047836
0.06965994834899902,73.77049180327869,75.42817485558749,32.872874343127876
0.08106017112731934,73.77049180327869,75.85159066618917,35.800300226455896
0.09235477447509766,73.77049180327869,76.27042281442979,38.52794145619894
0.10387039184570312,73.77049180327869,76.68066059574346,40.99898926697142
0.11546945571899414,73.77049180327869,77.08115809453992,43.34856429559852
0.1267862319946289,73.77049180327869,77.46962347963861,45.50320762316518
0.13807177543640137,74.0655737704918,77.84376491985904,30.624110241141167
0.14934563636779785,74.36065573770492,78.20300945740607,30.36682663700484
0.1606130599975586,74.36065573770492,78.54506526109917,46.697723026050184
0.1718916893005371,74.65573770491804,78.87050528873347,31.367489961240533
0.18317246437072754,74.65573770491804,79.17703770912846,47.36714790273796
0.19444894790649414,74.95081967213115,79.46466252228413,31.660607530216403
0.20608043670654297,75.24590163934427,79.73280677040536,30.542884296160967
0.21738314628601074,75.8360655737705,79.98032453790188,12.400381325403256
0.228651762008667,76.1311475409836,80.20721582477368,25.686581575272452
0.24004435539245605,76.1311475409836,80.41290767322565,40.86336855542189
0.2513561248779297,76.42622950819673,80.59682712546264,24.28421875535703
0.2626321315765381,76.42622950819673,80.75840122368953,39.09538982025134
0.27390289306640625,76.72131147540983,80.89820292570145,22.207478706942066
0.2851743698120117,77.01639344262296,81.01508631590815,19.854160006367838
0.2964439392089844,77.01639344262296,81.10962435210473,34.19368922898915
0.3077986240386963,77.01639344262296,81.18067111870096,33.5580958919057
0.31909871101379395,77.31147540983606,81.22822661569681,15.935916271769646
0.3304421901702881,77.31147540983606,81.25286380088743,29.755973222407736
0.34180331230163574,77.31147540983606,81.2540097164777,28.628856494588952
0.3530714511871338,77.60655737704919,81.23109140467247,10.481790151305706
0.36443471908569336,77.60655737704919,81.18468182326687,23.77223920656626
0.3757622241973877,77.60655737704919,81.11478097226092,22.14345200545889
0.38704395294189453,77.60655737704919,81.02081589385945,20.31662767204106
0.3983161449432373,77.60655737704919,80.90335954585763,18.35283777769857
0.40966081619262695,77.60655737704919,80.76241192825545,16.223199519977566
0.42099547386169434,77.60655737704919,80.59797304105291,13.927477986182044
0.4323248863220215,77.60655737704919,80.40946992645486,11.432773939714096
0.44359660148620605,77.60655737704919,80.1980485000516,8.832823275860612
0.4548654556274414,77.60655737704919,79.96313580404795,6.037436708085838
0.46613454818725586,77.60655737704919,79.70530479623908,3.107691537354233
0.4774613380432129,77.60655737704919,79.42512843442012,0.04737501469098149
0.48879408836364746,77.60655737704919,79.12260671859103,-3.1723842032035847
0.5000631809234619,77.60655737704919,78.79716669095673,-6.584473893765285
0.5115170478820801,77.31147540983606,78.45052722490259,6.760140572162225
0.5227870941162109,77.01639344262296,78.08268832042859,5.201533039120525
0.5340592861175537,77.01639344262296,77.69364997753476,-13.329033077433905
0.5455005168914795,77.01639344262296,77.28398515401622,-17.22533495618542
0.5568616390228271,76.72131147540983,76.85426680766811,-4.415037837630205
0.5681557655334473,76.42622950819673,76.40564085408067,-6.435431990758776
0.5794277191162109,75.8360655737705,75.93753433545879,8.200054716422535
0.5908167362213135,75.24590163934427,75.45109316739271,8.011433524014109
0.6020874977111816,75.24590163934427,74.94689030767759,-25.91725791107198
0.6135005950927734,75.24590163934427,74.42607167190367,-30.401975464103796
0.6249160766601562,74.65573770491804,73.88863726007096,-1.3631318920253923
0.6362905502319336,74.36065573770492,73.33573298776972,-18.705728639224112
0.6475613117218018,73.47540983606558,72.76793181279508,12.272661254837603
0.6589059829711914,72.88524590163934,72.18580669294217,-3.1483570398050107
0.6701748371124268,72.59016393442623,71.59050354380123,-20.672901742263512
0.6814420223236084,72.0,70.98316828096256,-6.650776682572036
0.6927127838134766,71.40983606557377,70.36380090442614,-7.467266813841943
0.7042837142944336,70.52459016393442,69.73412028757737,8.552221825966782
0.7155749797821045,69.9344262295082,69.09412643041624,-7.074751007443176
0.7268502712249756,69.34426229508196,68.44611116412327,-7.889762298410568
0.7380833625793457,68.75409836065575,67.78950153090335,-8.794246504612543
0.7493636608123779,68.1639344262295,67.126589361937,-9.628984384356976
0.7606861591339111,67.27868852459017,66.45680169942906,6.281328104887378
0.7722964286804199,66.39344262295081,65.78300333235521,7.554821225644172
0.7836482524871826,66.09836065573771,65.10462130292031,-24.875596442800855
0.7949521541595459,65.80327868852459,64.42337448450976,-27.73578889200438
0.8071823120117188,65.21311475409836,63.740408792713815,-13.731973561821242
0.8184680938720703,64.32786885245902,63.05629718532762,2.3600533624226845
0.829789400100708,63.73770491803279,62.372185577941416,-13.065333902354158
0.8410634994506836,63.14754098360656,61.6897928439406,-13.639569311503273
0.8523998260498047,62.55737704918033,61.00854602553006,-14.235342030116403
0.8637306690216064,61.67213114754098,60.33130991168542,2.161951861039487
0.8750205039978027,61.08196721311475,59.658084502406716,-12.987280422394608
0.8863670825958252,60.49180327868852,58.99001571328417,-13.289801273114643
0.8976631164550781,59.90163934426229,58.328249459908065,-13.491624617285561
0.9092304706573486,59.016393442622956,57.673931657868664,3.237968389557164
0.9205076694488525,58.42622950819672,57.0276352649611,-11.52197266630775
0.9317836761474609,57.83606557377049,56.391079154570754,-11.37415363638786
0.9430742263793945,56.950819672131146,55.764836284492766,5.696768126938816
0.954350471496582,56.36065573770492,55.15062552811252,-8.636152604603835
0.9656276702880859,55.77049180327869,54.548446885430025,-8.130870326688713
0.9770026206970215,55.18032786885246,53.960019229830664,-7.443370107134095
0.9883460998535156,54.295081967213115,53.38591551910959,10.19582916938273
0.9996368885040283,53.704918032786885,52.82728166885703,-3.5728419422705384
1.0110371112823486,53.114754098360656,52.285836552458406,-2.380662698839954
1.022376298904419,52.22950819672131,51.762153127708835,15.787784031806884
1.0336511135101318,51.63934426229508,51.25680435240344,2.5402988581069827
1.0450029373168945,51.34426229508197,50.770936142132506,-12.581008213760184
1.0562872886657715,51.049180327868854,50.30626737028141,-12.71557305480982
1.0676579475402832,50.459016393442624,49.86279803685015,4.119397250236515
1.078949213027954,49.868852459016395,49.44281997301926,6.481001499562442
1.0902588367462158,49.57377049180328,49.0457602209936,-7.8463058672278345
1.1015419960021973,49.57377049180328,48.6739106119537,-23.951842940673195
1.1129097938537598,49.278688524590166,48.32727114589955,-8.307654096404164
1.1242620944976807,48.68852459016394,48.00756069621655,9.679259837072138
1.135544776916504,48.09836065573771,47.71477926290469,13.103552349501486
1.1468226909637451,47.80327868852459,47.45121867714452,0.02762543648675475
1.15816330909729,47.50819672131148,47.216305981140884,1.8782859153785028
