0.0014333724975585938,8.26229508196721,16.87074227762709,198.89558992156284,8.608447195659881
0.012750864028930664,8.557377049180332,18.55581115310684,101.9245722079122,9.99843410392651
0.024033308029174805,8.85245901639344,19.978465358416674,107.17397951375466,11.126006342023235
0.035308837890625,9.73770491803279,21.29111166706139,100.18764635584813,11.5534067490286
0.04659533500671387,10.622950819672127,22.544743322807633,102.34238359540193,11.921792503135507
0.05787348747253418,11.803278688524586,23.763997510846025,97.7720106354583,11.96071882232144
0.06915068626403809,12.983606557377044,24.962052260464574,97.65390548817051,11.97844570308753
0.08055877685546875,13.868852459016395,26.146928980795117,104.36718114809804,12.278076521778722
0.09185409545898438,15.344262295081961,27.32435724978896,93.0456511146605,11.980094954706999
0.10318851470947266,17.11475409836065,28.496628898626625,83.74998386470995,11.381874800265976
0.11456871032714844,18.59016393442623,29.666035758488633,85.70667402859586,11.075871824062403
0.1258845329284668,20.360655737704917,30.835442618350644,76.46088797706327,10.474786880645727
0.13716363906860352,22.131147540983605,32.004849478212655,71.63850633449316,9.87370193722905
0.1484379768371582,23.606557377049185,33.17540225366493,73.65755595649597,9.568844876615742
0.15972185134887695,25.08196721311475,34.34767390250259,71.2714685621712,9.26570668938784
0.17099523544311523,26.85245901639344,35.52223738252078,62.093345061592935,8.669778366127339
0.18273377418518066,28.32786885245902,36.699092693719486,64.17500513812962,8.371223841260466
0.1940441131591797,29.803278688524593,37.87881279389385,61.860845122341026,8.075534105369258
0.2053391933441162,30.98360655737705,39.06082472524874,66.37305592990438,8.077218167871692
0.2166910171508789,32.459016393442624,40.245701445579286,59.67307743863371,7.7866850521366615
0.2279984951019287,33.63934426229508,41.43286999709035,64.22572351502649,7.793525734795267
0.23928308486938477,34.81967213114754,42.62290333757707,64.38398485656909,7.80323120642953
0.2505626678466797,36.0,43.814655551449185,64.53903403310102,7.814655551449185
0.26183629035949707,37.18032786885246,45.00869959650182,64.72130587515021,7.828371727649362
0.2739143371582031,38.0655737704918,46.20503547273498,71.73999711526517,8.139461702243175
0.2856473922729492,39.24590163934426,47.4025172645584,67.50823921042573,8.156615625214137
0.29730701446533203,40.721311475409834,48.601144971972076,60.894298411436345,7.879833496562242
0.3089437484741211,41.90163934426229,49.800918594976025,65.53235387459256,7.899279250713732
0.320575475692749,43.08196721311475,51.00069221797997,65.72708249074233,7.918725004865216
0.3319120407104492,44.26229508196721,52.201038798779045,65.93514051990601,7.938743716811835
0.3437683582305908,45.442622950819676,53.40081242178299,66.12146025211935,7.958189470963312
0.35530900955200195,46.622950819672134,54.6000130869918,66.3032277283354,7.977062267319667
0.36661458015441895,47.80327868852459,55.79749487881522,66.45396421971368,7.994216190290629
0.3778975009918213,48.98360655737705,56.99383075504838,66.60408839937244,8.010224197671327
0.38919901847839355,50.16393442622951,58.18672888451075,66.69204844270485,8.02279445828124
0.4004979133605957,51.34426229508197,59.3773351827926,66.77868169594736,8.033072887710631
0.4119575023651123,52.52459016393443,60.563930776508535,66.80707459973189,8.039340612574108
0.4234898090362549,53.704918032786885,61.74594270786342,66.78975338655866,8.041024675076535
0.4349963665008545,54.885245901639344,62.922798019062135,66.72205286217266,8.037552117422791
0.44652581214904785,56.36065573770492,64.09449671010466,59.794762829516785,7.733840972399747
0.45799732208251953,57.540983606557376,65.25931990760563,64.02854827725787,7.718336301048254
0.46929931640625,59.016393442622956,66.4166946537699,56.94928918650229,7.400301211146939
0.4808683395385742,60.196721311475414,67.5654750330072,61.025701667403254,7.368753721531789
0.4921598434448242,61.37704918032787,68.70566104531754,60.606081601272955,7.328611864989668
0.5034472942352295,62.55737704918033,69.83610677511065,60.09014206684567,7.278729725930319
0.5147256851196289,63.73770491803279,70.95566630679627,59.46854998270923,7.217961388763484
0.5260024070739746,64.91803278688525,72.06376668257928,58.745204899617256,7.145733895694036
0.537341833114624,66.09836065573771,73.1586890290743,57.88893327255662,7.0603283733365885
0.5486259460449219,67.57377049180329,74.24100630407642,50.12091395567021,6.667235812273134
0.5599045753479004,68.75409836065575,75.30842667640515,53.43994454500784,6.554328315749402
0.5712664127349854,69.9344262295082,76.36037718826533,52.19824201584845,6.425950958757127
0.5826573371887207,70.81967213114754,77.39628488186186,57.63509984487202,6.576612750714318
0.593998908996582,72.29508196721312,78.41500384160447,44.85437735526329,6.119921874391352
0.605276346206665,73.47540983606558,79.41596110969802,47.58920021356291,5.940551273632437
0.6165552139282227,74.36065573770492,80.39743781275712,52.531063613495945,6.036782075052201
0.6280453205108643,75.54098360655738,81.35943395078178,46.07148532669517,5.818450344224402
0.6393342018127441,76.72131147540983,82.30023065038658,43.83951219961371,5.578919174976747
0.6506130695343018,77.90163934426229,83.21982791157156,41.434598187476034,5.318188567309264
0.6618914604187012,78.78688524590164,84.11707981874642,45.647947944850955,5.330194572844775
0.6731710433959961,79.67213114754098,84.99141341411605,45.24078421364107,5.3192822665750725
0.6846425533294678,80.85245901639344,85.8416827820902,37.80356678909644,4.989223765696764
0.6959238052368164,81.73770491803279,86.66788792266884,41.413774581890365,4.930183004636049
0.7071967124938965,82.62295081967213,87.46888292026173,40.37596599520104,4.845932100589607
0.7184836864471436,83.50819672131148,88.24409481707373,39.12020276543585,4.735898095762252
0.7297797203063965,84.39344262295081,88.99352361310487,37.65495807895055,4.600080990154055
0.7410585880279541,85.27868852459017,89.71659635055995,35.96687273719899,4.437907825969788
0.7523415088653564,86.1639344262295,90.41216711384878,34.037941197698046,4.248232687619279
0.763615608215332,87.04918032786885,91.08080886076645,31.89846095298951,4.031628532897599
0.7748870849609375,87.93442622950819,91.72194863351784,29.526473051801915,3.78752240400965
0.7862343788146973,88.52459016393442,92.33558643210296,33.74822292965185,3.8109962681685374
0.7975130081176758,89.40983606557377,92.92114929872665,26.48994003060258,3.511313233152876
0.808788537979126,90.0,93.47921019118408,30.25995757425688,3.4792101911840803
0.8200666904449463,90.59016393442623,94.00919615168009,29.367461457421758,3.419032217253857
0.83133864402771,91.47540983606558,94.51168013800981,21.442601293141802,3.036270301944228
0.8427233695983887,92.06557377049181,94.98666215017326,24.537056733900577,2.92108837968145
0.8540019989013672,92.65573770491804,95.43471514596557,22.995084079371626,2.7789774410475303
0.8653123378753662,93.24590163934427,95.8552661675916,21.22095388647847,2.609364528247326
0.8766319751739502,93.8360655737705,96.2494611306416,19.2496072988082,2.4133955568711087
0.8879241943359375,94.1311475409836,96.61787299291072,23.89475005486925,2.4867254519271142
0.8992223739624023,94.42622950819673,96.95992879660382,23.891805638372173,2.5336992884070924
0.91050124168396,95.01639344262296,97.27792037290143,16.91064579497382,2.261526930278478
0.9217679500579834,95.31147540983606,97.57070180621328,20.95070719784684,2.2592263963772155
0.9330387115478516,95.60655737704919,97.8405649277199,20.413159706033678,2.234007550670711
0.9444394111633301,96.19672131147541,98.08750973742129,12.871967316089393,1.8907884259458712
0.9557161331176758,96.49180327868852,98.31210919311256,16.40066360860548,1.8203059144240399
0.9669904708862305,96.78688524590164,98.51550921038401,15.348172770413363,1.7286239644823667
0.978266716003418,97.08196721311475,98.69885570482587,14.149911974433774,1.6168884917111228
0.989556074142456,97.37704918032787,98.86329459202841,12.815074271192891,1.486245411700537
1.0008347034454346,97.67213114754098,99.00882587199165,11.32638206108458,1.3366947244506662
1.0121145248413086,97.9672131147541,99.13774137589608,9.736698550229402,1.1705282611419818
1.0233924388885498,98.55737704918033,99.25061406153685,1.2070258668735576,0.6932370123565192
1.0347323417663574,98.85245901639344,99.34858984450422,3.8155735574710175,0.496130828110779
1.0460114479064941,99.14754098360656,99.43281464038846,1.9027064496468107,0.28527365678189653
1.0572876930236816,99.73770491803279,99.50443436477981,-6.913903603825858,-0.23327055325297863
1.068572759628296,99.73770491803279,99.56459493326855,2.253155061858778,-0.17310998476423833
1.0798938274383545,100.0327868852459,99.61444226144492,-4.316139846952842,-0.4183446238009765
1.091238260269165,100.0327868852459,99.6551222648992,0.3003127946765618,-0.37766462034669246
1.1025288105010986,100.0327868852459,99.68778085922168,0.4429047433890445,-0.3450060260242225
1.1138126850128174,100.32786885245902,99.71356396000256,-6.270665219027228,-0.6143048924564596
1.1250932216644287,100.32786885245902,99.73361748283214,-1.770738826617508,-0.5942513696268747
1.1363880634307861,100.32786885245902,99.74851438550553,-1.7301461833007643,-0.5793544669534896
