0.0035500526428222656,150.19672131147541,150.1968752889794,0.003557604036638844,0.00015397750399870347
0.015880107879638672,150.19672131147541,150.0404578109087,-3.6127302404096815,-0.15626350056672322
0.02716541290283203,150.4918032786885,149.86341385221326,-12.175530388140299,-0.6283894264752519
0.03844881057739258,150.4918032786885,149.66402453950772,-9.703425183084363,-0.8277787391807863
0.049872636795043945,150.19672131147541,149.44343578838237,-4.995332642832965,-0.7532855230930409
0.06122612953186035,150.19672131147541,149.2005016832469,-11.729190945031302,-0.9962196282285163
0.07250380516052246,149.9016393442623,148.93522222410132,-7.401283592103586,-0.966417120160969
0.08423995971679688,149.9016393442623,148.64702445315052,-14.51158641206855,-1.2546148911117712
0.0956106185913086,149.60655737704917,148.3359083703945,-10.56497996717897,-1.2706490066546792
0.10688400268554688,149.31147540983608,148.00072806024295,-11.256900468456623,-1.3107473495931288
0.1181802749633789,149.01639344262296,147.64205648049105,-12.130804757747656,-1.3743369621319061
0.12948942184448242,149.01639344262296,147.25817475775338,-20.052891992725044,-1.7582186848695756
0.14120960235595703,148.72131147540983,146.84908289203,-16.93709428158892,-1.8722285833798367
0.15254449844360352,148.4262295081967,146.4136349677306,-18.47885860696846,-2.012594540466125
0.16381573677062988,148.4262295081967,145.95183098485512,-27.052670928157102,-2.4743985233415913
0.1750955581665039,148.4262295081967,145.46195207001827,-31.455746221715806,-2.964277438178442
0.18636584281921387,148.1311475409836,144.94399822322,-29.270882519373313,-3.187149317763584
0.1976940631866455,147.8360655737705,144.39625057107494,-31.780548778037343,-3.4398150026955534
0.2089688777923584,147.24590163934425,143.81813615578793,-27.728330109714413,-3.4277654835563283
0.220245361328125,146.65573770491804,143.20850906176875,-28.374873858022955,-3.4472286431492876
0.2315964698791504,146.36065573770492,142.56622337342708,-36.1211662543102,-3.7944323642778386
0.24317193031311035,145.77049180327867,141.8901331751727,-32.91624481736379,-3.8803586281059665
0.2544546127319336,145.18032786885246,141.17909255141535,-34.43840818948317,-4.001235317437107
0.2657315731048584,144.59016393442624,140.4325285443599,-36.25764041358447,-4.157635390066332
0.2770087718963623,143.70491803278688,139.6475763650307,-31.613923844620288,-4.057341667756191
0.28830814361572266,143.11475409836066,138.82423601342768,-38.52487035105551,-4.290518084932984
0.2996785640716553,142.22950819672133,137.9602156583704,-34.5569796422883,-4.269292538350925
0.31101441383361816,141.34426229508196,137.0549423420637,-35.35815592361391,-4.289319953018264
0.32228946685791016,140.75409836065575,136.10669719112218,-43.351263590604106,-4.647401169533566
0.3335609436035156,139.8688524590164,135.11376133216046,-40.49003228531774,-4.755091126855945
0.3450052738189697,138.68852459016392,134.0749888495883,-35.62643712038746,-4.613535740575628
0.3562960624694824,137.80327868852459,132.98923382781538,-42.404154600523114,-4.814044860709203
0.367631196975708,136.91803278688525,131.85477739345635,-45.177078404693695,-5.0632553934289035
0.3789050579071045,135.7377049180328,130.67047363092092,-41.554579545024055,-5.067231287111866
0.3902597427368164,134.55737704918033,129.43574958241402,-42.775564538891125,-5.121627466766313
0.4015324115753174,133.37704918032787,128.14831341675506,-44.4583985583934,-5.228735763572814
0.41280293464660645,132.4918032786885,126.80873809173917,-53.373494192672176,-5.683065186949335
0.4241368770599365,131.31147540983608,125.41587769177616,-51.4957636199537,-5.895597718059918
0.4354081153869629,129.8360655737705,123.96915925907084,-47.67257869535214,-5.866906314699662
0.44683289527893066,128.65573770491804,122.46915575141834,-55.51653393721824,-6.186581953499697
0.4581124782562256,127.47540983606558,120.91529421102355,-59.3808597112833,-6.56011562504203
0.4693880081176758,126.0,119.3087205534767,-56.83918792776421,-6.691279446523296
0.48065972328186035,124.52459016393442,117.6505806943681,-59.125101982345974,-6.874009469566317
0.49193239212036133,123.04918032786885,115.94259350708312,-61.79008940792693,-7.106586820785736
0.5032045841217041,121.57377049180329,114.18647786500716,-64.82045353382156,-7.387292626796125
0.5145363807678223,120.09836065573771,112.38452559932071,-68.18925159267303,-7.713835056416997
0.5258808135986328,118.62295081967213,110.54074741458973,-71.83841035853456,-8.082203405082396
0.5371673107147217,117.14754098360656,108.65800809978984,-75.76209689187043,-8.489532883816722
0.5485231876373291,115.37704918032787,106.7408913172821,-73.07978167300281,-8.636157863045767
0.5598266124725342,113.90163934426229,104.79398072942756,-81.81488034638197,-9.107658614834733
0.5711586475372314,112.1311475409836,102.8224329563824,-79.4305129297006,-9.308714584601205
0.5824391841888428,110.36065573770492,100.83197757609793,-81.54061679939672,-9.52867816160699
0.5937221050262451,108.29508196721312,98.8277712087303,-76.86807249270657,-9.467310758482824
0.6050000190734863,105.9344262295082,96.81611639002598,-69.76951836690073,-9.118309839482222
0.6162760257720947,103.8688524590164,94.80388861352654,-73.8148450207599,-9.064963845489856
0.6275520324707031,101.80327868852459,92.79681745718327,-73.30595491160149,-9.00646123134132
0.6388969421386719,99.73770491803279,90.80063249894748,-72.62261680108546,-8.937072419085311
0.6502571105957031,97.9672131147541,88.82220923236075,-78.50964730558863,-9.145003882393354
0.6615331172943115,95.60655737704919,86.86613131978412,-66.08600759797373,-8.740426057265068
0.6728088855743408,93.54098360655738,84.93870129696403,-69.00398513053638,-8.602282309593349
0.6841397285461426,91.47540983606558,83.04507578405665,-67.14375916545654,-8.43033405200893
0.6954178810119629,89.70491803278688,81.18811957003766,-71.76033987009848,-8.516798462749222
0.7066910266876221,87.93442622950819,79.37356223285833,-71.52152360288305,-8.560863996649857
0.7179653644561768,85.8688524590164,77.60369560369922,-64.06855186680849,-8.265156855317173
0.7292819023132324,84.09836065573771,75.8819574293311,-67.41656725412892,-8.216403226406612
0.7405562400817871,82.0327868852459,74.2106395409345,-59.07732490390627,-7.822147344311404
0.7519643306732178,80.85245901639344,72.59088785409965,-75.18068271519033,-8.26157116229379
0.7632455825805664,78.78688524590164,71.0249942000071,-57.0831956445476,-7.761891045894544
0.7745919227600098,76.72131147540983,69.513531536452,-51.81230738601128,-7.207779938957827
0.7859416007995605,74.65573770491804,68.05649986343431,-46.09766795626528,-6.599237841483728
0.7972228527069092,73.18032786885246,66.65504509654433,-53.54810614945035,-6.525282772308131
0.8084976673126221,71.40983606557377,65.30802132019176,-44.90399929439432,-6.101814745382015
0.819770097732544,69.63934426229508,64.01542853437662,-40.242984798799114,-5.623915727918458
0.8310427665710449,68.1639344262295,62.776693781303784,-41.96959567465132,-5.387240644925718
0.8423159122467041,66.98360655737704,61.591244103178106,-45.663379817288536,-5.392362454198938
0.8536849021911621,65.50819672131148,60.457360626614204,-37.72103270334688,-5.050836094697274
0.8649871349334717,64.32786885245902,59.37389743602182,-40.62963769372135,-4.953971416437199
0.8762633800506592,62.85245901639344,58.340281573605814,-31.898374310298422,-4.512177442787625
0.8875362873077393,61.67213114754098,57.35536712377593,-34.03152272653232,-4.316764023765053
0.8988168239593506,60.786885245901644,56.41686225535164,-38.213545252658875,-4.370022990550005
0.9101488590240479,59.606557377049185,55.52419401053782,-30.788910543414637,-4.082363366511366
0.9214186668395996,58.721311475409834,54.67564351594906,-34.27515564053496,-4.045667959460772
0.9326908588409424,57.83606557377049,53.8694918982,-33.01715168470347,-3.966573675570487
0.9440317153930664,56.950819672131146,53.105739157290614,-31.41514580861554,-3.8450805148405323
0.9553318023681641,56.36065573770492,52.38209346204039,-36.33967113729483,-3.9785622756645296
0.9666404724121094,55.47540983606557,51.69740889685905,-29.722234457169144,-3.778000939206521
0.9778773784637451,54.59016393442623,51.05053954615635,-27.24079241202769,-3.5396243882698784
0.9891629219055176,54.0,50.44033949434202,-31.29600539211908,-3.5596605056579804
1.0004491806030273,53.40983606557377,49.866235783620944,-30.641127385033684,-3.543600281952827
1.0117528438568115,52.52459016393443,49.32708249840284,-22.902319587308384,-3.197507665531589
1.023036241531372,51.9344262295082,48.82116076530232,-26.162346330684876,-3.113265464205881
1.0343177318572998,51.63934426229508,48.34847058431939,-31.544196194939712,-3.2908736779756964
1.0458502769470215,51.049180327868854,47.907866039863784,-25.44001525722463,-3.14131428800507
1.0571441650390625,50.459016393442624,47.498201216345244,-23.52779247614876,-2.9608151770973805
1.0684266090393066,50.16393442622951,47.11947611376377,-28.181744520841857,-3.0444583124657427
1.0797877311706543,49.868852459016395,46.77111777432423,-28.172341041764795,-3.0977346846921634
1.0910751819610596,49.278688524590166,46.45198028243637,-21.1257701644704,-2.8267082421537992
1.1023585796356201,48.98360655737705,46.1626365958953,-25.07187107784051,-2.820969961481751
1.113621473312378,48.68852459016394,45.90136784131564,-24.38995971280803,-2.7871567488482967
1.1249496936798096,48.39344262295082,45.66874697649252,-23.46711250663929,-2.7246956464583008
1.1362364292144775,48.09836065573771,45.46420104363082,-22.325027199148415,-2.6341596121068847
