0.002038717269897461,87.93442622950819,89.89252337918262,223.48350198379168
0.013375043869018555,88.22950819672131,89.43044200272128,-80.45687617998857
0.024666309356689453,88.52459016393442,88.97056133724593,-82.46742951387535
0.03594064712524414,87.93442622950819,88.5121329793601,16.46241148987137
0.04721689224243164,87.34426229508196,88.05419956904342,16.929715801581608
0.05853700637817383,86.75409836065573,87.59550996725476,17.258628664196458
0.07003664970397949,86.75409836065573,87.13438715486434,-49.96043480070612
0.08135628700256348,86.75409836065573,86.66851305888743,-51.887859835855444
0.09263443946838379,86.1639344262295,86.19455790392288,13.137250591897311
0.10390996932983398,85.27868852459017,85.70749417310996,45.67157631657049
0.11533141136169434,85.27868852459017,85.19919854593235,-56.57471395851898
0.12662649154663086,84.98360655737704,84.65518549942747,-28.510478179522647
0.13791227340698242,84.39344262295081,84.0451581335194,-3.1257953169300343
0.14918804168701172,83.80327868852459,83.28201221274003,-20.669364888759954
0.16050028800964355,83.21311475409836,81.74811053669572,-109.17225092964017
0.1718747615814209,82.0327868852459,81.8235560374126,138.98034517556087
0.1832730770111084,81.14754098360656,81.9003556760388,109.24665087781594
0.19455289840698242,81.44262295081967,81.9784825158619,-22.392368777798254
0.20593690872192383,81.73770491803279,82.05790944894756,-22.887834718006097
0.21725010871887207,82.0327868852459,82.13860916821933,-23.387232825677025
0.2285456657409668,82.0327868852459,82.22055414006417,9.787946687123968
0.2399303913116455,81.73770491803279,82.3037165774854,43.85725843421024
0.25120997428894043,81.73770491803279,82.3880684138262,11.469924784476198
0.26248621940612793,82.0327868852459,82.4735812770871,-21.80693464765611
0.2737617492675781,82.0327868852459,82.56022646486352,11.377270754683105
0.28507184982299805,81.73770491803279,82.64797491993012,45.45522555245992
0.296403169631958,81.73770491803279,82.73679720650104,13.076134475779238
0.307694673538208,82.0327868852459,82.82666348719673,-20.192900526348257
0.31911230087280273,82.32786885245902,82.91754350075034,-20.679896673488752
0.33040785789489746,82.32786885245902,83.00940654048863,12.506763756284816
0.3416931629180908,82.0327868852459,83.10222143362458,46.586595739281606
0.35338354110717773,82.0327868852459,83.1959565214017,14.208782022366023
0.3646860122680664,82.32786885245902,83.68482560643733,25.9368775347944
0.37598609924316406,82.91803278688525,84.96179948339643,82.82252930610971
0.3872847557067871,83.50819672131148,85.71321871230677,24.95990317401726
0.39859962463378906,84.39344262295081,86.34088997060637,-22.306590135898666
0.40988922119140625,84.98360655737704,86.90502575431194,3.38495897566987
0.4213845729827881,85.27868852459017,87.42875880456604,32.415878113442936
0.43268442153930664,85.8688524590164,87.92365245508687,-3.8159541411404776
0.4439723491668701,86.1639344262295,88.3963464812747,27.086225100749687
0.45540881156921387,86.1639344262295,88.85099752112426,59.29137181236822
0.46674442291259766,86.75409836065573,89.29036443491829,-8.377160844082155
0.47807955741882324,87.04918032786885,89.71635560220707,23.374904501251386
0.4893651008605957,87.34426229508196,90.13033077017124,22.45776790900052
0.5006446838378906,87.93442622950819,90.5332791502515,-12.058753877366968
0.5119199752807617,88.22950819672131,90.9259301887278,19.935979156304832
0.5231969356536865,88.52459016393442,91.30882544340434,19.176697301069773
0.534475564956665,88.81967213114754,91.68236687030507,18.435741806394304
0.5457513332366943,89.11475409836065,92.04685021264724,17.70199921291114
0.5571401119232178,89.40983606557377,92.4024886545934,16.966741266165627
0.5684506893157959,90.0,92.74942992375621,-17.455643295447594
0.5797312259674072,90.29508196721312,93.08776887056126,14.566606574724398
0.5910124778747559,90.59016393442623,93.4175568528165,13.78282104196279
0.6022906303405762,90.88524590163935,93.7388088168288,12.975663893500503
0.6135730743408203,91.18032786885246,94.05150868592645,12.141451759071428
0.6248466968536377,91.47540983606558,94.35561348276228,11.276877654081504
0.6361236572265625,92.06557377049181,94.65105648770333,-23.299677332831976
0.6473939418792725,92.36065573770492,94.93774965048412,8.54650106670118
0.6587765216827393,92.36065573770492,95.21558541273338,41.24551463485528
0.670067548751831,92.65573770491804,95.48443805654604,7.444082340764702
0.6813476085662842,93.24590163934427,95.74416466344185,-27.293123402180537
0.6926231384277344,93.8360655737705,95.99460574522325,-29.296528057329965
0.703906774520874,93.8360655737705,96.2355855909388,36.001658437713346
0.7151861190795898,93.8360655737705,96.46691236070657,35.680954454696895
0.7264628410339355,94.1311475409836,96.68837794632998,1.6338258883647363
0.7377486228942871,94.72131147540983,96.89975760960643,-33.362110487042514
0.749021053314209,95.01639344262296,97.10080940130241,-1.959031542663615
0.7603664398193359,95.01639344262296,97.2912733564441,30.272835032496978
0.7716808319091797,95.01639344262296,97.47087045438388,29.658197450015898
0.7829728126525879,95.31147540983606,97.63930132465464,-4.698086852235091
0.7943363189697266,95.60655737704919,97.79624467148413,-6.340719809991917
0.8056135177612305,95.60655737704919,97.9413553805535,25.618094118145535
0.8168957233428955,95.60655737704919,98.07426226061142,24.71512462046593
0.8281753063201904,95.90163934426229,98.19456535921142,-9.946038833630162
0.8394534587860107,95.90163934426229,98.30183277525909,21.767012404937063
0.850762128829956,95.90163934426229,98.39559687007218,20.602804229250292
0.8620789051055908,96.19672131147541,98.47534975168382,-14.336705570913768
0.8733599185943604,96.49180327868852,98.540537871968,-16.599620146502613
0.8846325874328613,96.49180327868852,98.59055552974236,14.697852575431217
0.8961434364318848,96.49180327868852,98.62473701088399,13.08774813912495
0.9074375629425049,96.49180327868852,98.64234701226252,11.346616417441235
0.9187157154083252,96.78688524590164,98.6425688804331,-24.216004167611793
0.9300096035003662,97.08196721311475,98.62449003428463,-27.15496177433358
0.9412846565246582,96.78688524590164,98.58708371126878,37.08387916031499
0.9525609016418457,96.78688524590164,98.529185845186,1.8848278745278728
0.9638707637786865,96.78688524590164,98.44946539481559,-0.7424858760921076
0.9751739501953125,97.08196721311475,98.34638570667946,-37.29147436168363
0.9864485263824463,97.08196721311475,98.21815335925504,-7.659059975906408
0.997722864151001,96.78688524590164,98.06264913343936,22.54438683289592
1.0090012550354004,96.49180327868852,97.87733280239304,19.59171256663697
1.020293951034546,96.78688524590164,97.65910842209998,-51.15916874389439
1.0315883159637451,96.78688524590164,97.40412792794532,-23.207686995610835
1.0429141521453857,96.49180327868852,97.1074943221045,4.959936857915969
1.054189682006836,96.49180327868852,96.7627931006516,-34.19589832764934
1.0654833316802979,96.49180327868852,96.36131122394998,-41.71217016830007
1.0767652988433838,96.19672131147541,95.89064145877099,-17.146350336551027
1.0880417823791504,95.90163934426229,95.33194629911588,-27.730312766503125
1.0993232727050781,95.60655737704919,94.65384689112523,-42.16745015633965
1.1106081008911133,95.31147540983606,93.79574262310909,-63.89038318234586
1.1218891143798828,94.72131147540983,92.60212211560538,-70.24006749418233
1.133193016052246,93.8360655737705,89.55323983922028,-250.17833672774438
