0.0014052391052246094,89.70491803278688,89.55323983922028,-17.46286210351577
0.012705802917480469,89.70491803278688,89.15063759330968,-46.96477907594237
0.024017810821533203,89.40983606557377,88.75082110831134,-14.300516306490765
0.035315752029418945,89.11475409836065,88.35667047694169,-14.082413973006918
0.04689192771911621,88.81967213114754,87.96820760632242,-13.840994092392968
0.058660030364990234,88.52459016393442,87.58498667910523,-13.629904428756957
0.07007408142089844,88.22950819672131,87.20645416600888,-13.46323331152404
0.08136153221130371,87.93442622950819,86.83203769664654,-13.345281355447987
0.09341669082641602,87.63934426229508,86.46117354129738,-13.277272360093988
0.10494375228881836,87.34426229508196,86.09331571167729,-13.259358883306724
0.11626887321472168,87.04918032786885,85.7279385403376,-13.291336113371207
0.12756061553955078,86.45901639344262,85.36453670024139,20.600156158895366
0.13884806632995605,86.45901639344262,85.00262417678647,-46.28484723595899
0.15041208267211914,86.1639344262295,84.64173282708589,-13.678212701856207
0.16185545921325684,85.8688524590164,84.28141081103593,-13.907662498911119
0.17314481735229492,85.27868852459017,83.9212210268072,19.786629620830244
0.18442106246948242,84.98360655737704,83.56073961325673,-13.322681187986237
0.19579172134399414,84.68852459016394,83.19955454787465,-13.695056440170367
0.2072460651397705,84.68852459016394,82.83726435205578,-48.09088703518669
0.21859288215637207,84.09836065573771,82.47347690708999,18.18946531575118
0.22988128662109375,83.80327868852459,82.10780838019767,-15.122651682086085
0.24116086959838867,83.50819672131148,86.65780620467518,550.5052636413959
0.25243401527404785,83.21311475409836,88.8054122468982,293.4557083109187
0.26370882987976074,84.09836065573771,90.4057965098802,104.49264152405676
0.2750382423400879,85.57377049180327,91.74855961216001,9.88730066650749
0.2863352298736572,87.34426229508196,92.93408659289325,-42.59827729789511
0.29770851135253906,88.81967213114754,94.01037253289645,-23.4419876916496
0.3090019226074219,89.70491803278688,95.00429265689108,33.52065342575914
0.3202815055847168,90.0,95.93240330809337,94.43296481447935
0.33156299591064453,90.88524590163935,96.80557250703204,22.824759915288652
0.34285807609558105,92.06557377049181,97.63125844259245,-16.545259460674284
0.3541758060455322,93.24590163934427,98.41474459265264,-22.718109843493306
0.3654654026031494,93.54098360655738,99.15985942000749,73.29148045328063
0.3767557144165039,93.8360655737705,99.8694199985036,71.11959384196169
0.3880786895751953,95.01639344262296,100.54551812390555,-32.865346641008216
0.3994278907775879,95.90163934426229,101.18971186874154,-4.481868987779432
0.41070079803466797,96.19672131147541,101.80315795920971,59.06101853176436
0.4219951629638672,96.78688524590164,102.38670580683372,23.03767447610005
0.43326783180236816,97.37704918032787,102.94096595700788,19.751152323275583
0.44455456733703613,97.9672131147541,103.46636104198578,16.3948336250056
0.45583081245422363,98.85245901639344,103.96316451659125,-21.020416852232614
0.467146635055542,99.44262295081967,104.43153071170968,8.219328243685492
0.4784231185913086,99.73770491803279,104.87151862804221,38.535341839197855
0.48969554901123047,100.32786885245902,105.28311116453597,1.9782695854283432
0.5009891986846924,100.91803278688525,105.66623098859468,-1.9185744433780307
0.512260913848877,101.50819672131148,106.02075392220539,-5.948316397189966
0.5235350131988525,102.09836065573771,106.34652048615511,-10.116091671889027
0.5348057746887207,102.09836065573771,106.64334607987098,53.520155185835264
0.5461039543151855,102.09836065573771,106.91103015535505,51.449201645510776
0.5573866367340088,102.98360655737704,107.14936465588191,-52.6767467970878
0.5686700344085693,103.57377049180327,107.35814192400356,-24.623887224421843
0.5799620151519775,103.8688524590164,107.53716223242164,4.465759245257624
0.5912322998046875,104.1639344262295,107.68624105093555,0.6253638982153404
0.6025233268737793,104.75409836065573,107.80521612980661,-37.33007824309665
0.613793134689331,105.04918032786885,107.89395445227055,-8.67134112174131
0.625070333480835,105.04918032786885,107.95235908503207,21.036786846939997
0.6363425254821777,105.04918032786885,107.9803759342939,17.831061143681648
0.6476309299468994,105.34426229508196,107.97800039547914,-19.469875209015704
0.6588976383209229,105.34426229508196,107.94528386684131,9.866913846652164
0.6701674461364746,105.63934426229508,107.88234008037173,-27.66576255567672
0.6814353466033936,105.63934426229508,107.78935118774737,1.4537926813874549
0.6927037239074707,105.63934426229508,107.6665735245908,-2.3066334685969423
0.7039828300476074,105.63934426229508,107.51434296324257,-6.150596710944924
0.715254545211792,105.63934426229508,107.33307975288096,-10.067621507104596
0.7265298366546631,105.63934426229508,107.12329273654315,-14.046399208793169
0.7378013134002686,105.63934426229508,106.885582827841,-18.074854565783916
0.7490694522857666,105.63934426229508,106.6206456263667,-22.14022907160801
0.760345458984375,105.63934426229508,106.32927305039243,-26.229181695807505
0.7716233730316162,105.63934426229508,106.01235386885884,-30.327907120113025
0.7829020023345947,105.34426229508196,105.67087302211324,-0.4491891480561998
0.794182300567627,105.34426229508196,105.30590963256184,-37.30583103222561
0.805483341217041,105.04918032786885,104.91863362233072,-7.3695432757364525
0.8167974948883057,105.04918032786885,104.5103008749911,-44.14013943003003
0.8280787467956543,104.75409836065573,104.08224690198507,-14.089857128379037
0.8393585681915283,104.1639344262295,103.63587900095368,17.226739498884143
0.8506395816802979,104.1639344262295,103.17266692189418,-52.091212550354506
0.8619308471679688,103.8688524590164,102.69413208693568,-21.76419270045504
0.8732151985168457,103.57377049180327,102.2018354393806,-24.109578882288833
0.8844919204711914,103.27868852459017,101.69736402628685,-26.331513529546683
0.8960340023040771,103.27868852459017,101.18231644502832,-62.39561237614393
0.9073235988616943,102.98360655737704,100.6582873068021,-31.569004762428477
0.9186091423034668,102.39344262295081,100.12685088791383,0.5843955623987096
0.9298889636993408,102.39344262295081,99.58954415203006,-67.84687106027593
0.9411671161651611,102.09836065573771,99.04784933284863,-36.59504455887721
0.9525485038757324,101.80327868852459,98.50317626648096,-37.99032702704441
0.963853120803833,101.21311475409836,97.9568446562274,-5.277553143001278
0.9751381874084473,100.62295081967213,97.41006643956702,-5.217890844008778
0.9864070415496826,100.32786885245902,96.86392840851308,-39.007114704350734
0.9978995323181152,100.0327868852459,96.31937521057922,-39.903175467918935
1.009181261062622,99.44262295081967,95.7771928291122,-6.734281611055617
1.0207624435424805,98.85245901639344,95.23799260930242,-6.2713651168320546
1.0320549011230469,98.26229508196721,94.70219586029124,-5.7469353157034595
1.043332815170288,97.9672131147541,94.17001902474148,-39.155898925255585
1.0546224117279053,97.37704918032787,93.64145936498302,-5.7954331445264975
1.065896987915039,97.08196721311475,93.11628106891703,-39.20627794060358
1.0773494243621826,96.78688524590164,92.59400162823118,-39.876830786706975
1.0886502265930176,96.19672131147541,92.07387828442555,-6.652706745291037
1.0999948978424072,95.60655737704919,91.554894272077,-6.322428061551891
1.1113288402557373,95.01639344262296,91.03574450995936,-6.136400973563198
1.1226067543029785,94.42622950819673,90.51482029386996,-6.134831639758919
1.133876085281372,94.1311475409836,89.99019242303504,-40.33420359805032
