0.00156402587890625,-7.081967213114754,0.0,21.401704918032785
0.013098716735839844,-6.786885245901639,0.0,20.66577049180328
0.02447342872619629,-6.786885245901639,0.0,20.815081967213114
0.03585004806518555,-6.491803278688525,0.0,20.072655737704917
0.04723048210144043,-5.901639344262295,0.0,18.432
0.058606863021850586,-5.60655737704918,0.0,17.67009836065574
0.0699760913848877,-5.016393442622951,0.0,16.009967213114752
0.08154439926147461,-4.131147540983607,0.0,13.44511475409836
0.09296655654907227,-3.540983606557377,0.0,11.752524590163935
0.1044306755065918,-2.9508196721311477,0.0,10.046950819672132
0.11632728576660156,-2.360655737704918,0.0,8.32839344262295
0.12784743309020996,-1.4754098360655739,0.0,5.705114754098361
0.13924551010131836,-0.5901639344262295,0.0,3.062360655737705
0.15077972412109375,0.0,0.0,1.2918688524590167
0.1621694564819336,0.8852459016393442,0.0,-1.3833442622950816
0.17371869087219238,1.4754098360655739,0.0,-3.186295081967213
0.18512916564941406,1.7704918032786885,0.0,-4.110491803278688
0.1968216896057129,1.7704918032786885,0.0,-4.149442622950819
0.20827722549438477,1.4754098360655739,0.0,-3.296655737704918
0.21982383728027344,1.180327868852459,0.0,-2.4373770491803275
0.23124146461486816,0.5901639344262295,0.0,-0.6798688524590162
0.24265384674072266,0.0,-9.835847893033385,-28.63330938192722
0.2543206214904785,-0.5901639344262295,-14.872167522709262,-42.28598054661838
0.2657158374786377,-1.4754098360655739,-18.82002761035407,-51.85540469566913
0.27727365493774414,-2.360655737704918,-22.259348033965583,-59.955399492103375
0.28876161575317383,-3.8360655737704916,-25.391608563954655,-65.40017351965791
0.30020642280578613,-5.311475409836065,-28.313501036736294,-70.2456659935979
0.311661958694458,-7.377049180327869,-31.079470296466464,-72.86830572586805
0.3230576515197754,-9.737704918032787,-33.72331668520048,-74.24556113783304
0.3344452381134033,-12.098360655737705,-36.2674575014002,-75.32773650392203
0.345888614654541,-14.459016393442623,-38.727484117136555,-76.1597554279376
0.3572821617126465,-17.114754098360656,-41.11463214128638,-75.88198370257733
0.36867547035217285,-19.18032786885246,-43.4372205109386,-77.1866791381845
0.3801102638244629,-22.42622950819672,-45.70153820999272,-74.75398410875357
0.39148998260498047,-25.672131147540984,-47.91241571151179,-72.13819795568536
0.4031190872192383,-28.918032786885245,-50.07360704832319,-69.3494896818384
0.41487765312194824,-31.868852459016395,-52.18805325262267,-67.28739169580274
0.4264674186706543,-35.40983606557377,-54.25806881329862,-63.28914867860841
0.4381415843963623,-36.59016393442623,-56.28547665753391,-66.26368548466527
0.4497532844543457,-35.704918032786885,-58.27170781324836,-75.37458603189681
0.463472843170166,-33.34426229508197,-60.21787628986656,-88.88627818275141
0.47527337074279785,-32.75409836065574,-62.124836228294505,-97.02380603440199
0.4871399402618408,-32.16393442622951,-63.993226146109386,-105.09971200896268
0.49924182891845703,-34.52459016393443,-65.823503648634,-104.19715340008517
0.5107555389404297,-38.0655737704918,-67.61597300336874,-99.60171942774053
0.5225725173950195,-39.24590163934426,-69.37080731146287,-101.98798667025216
0.5339651107788086,-43.08196721311475,-71.08806654896468,-96.24770184683481
0.5458996295928955,-47.50819672131148,-72.76771242523488,-88.56366029654156
0.5572366714477539,-51.34426229508197,-74.40962077277608,-82.48862650436297
0.5685825347900391,-55.77049180327869,-76.01359201328913,-74.46719990593218
0.5799777507781982,-59.60655737704918,-77.57936011996242,-68.05170916498467
0.5912816524505615,-64.0327868852459,-79.10660040282961,-59.686365386382946
0.6026077270507812,-68.1639344262295,-80.59493637354926,-52.0314127184321
0.6138989925384521,-72.29508196721312,-82.04394589187724,-44.199473656807804
0.6251885890960693,-75.8360655737705,-83.45316675396347,-37.97176164935861
0.6364848613739014,-79.37704918032787,-84.82210184920564,-31.57540727412829
0.6477832794189453,-82.62295081967213,-86.15022398540819,-25.89966877434938
0.6590678691864014,-85.57377049180327,-87.43698045971347,-20.948469800165796
0.6703519821166992,-87.93442622950819,-88.68179743394757,-17.617395676251007
0.6816678047180176,-89.70491803278688,-89.88408415671843,-15.91672208945403
0.6929833889007568,-91.77049180327869,-91.04323706014557,-13.1814598839111
0.704277515411377,-93.54098360655738,-92.15864374600102,-11.185793054709137
0.7155580520629883,-95.31147540983606,-93.22968686395546,-9.041647650727038
0.7269060611724854,-96.78688524590164,-94.25574787334592,-7.637916148505452
0.7381899356842041,-98.26229508196721,-95.23621066928646,-6.086501171051395
0.749504566192627,-99.44262295081967,-96.17046504401472,-5.276293214729076
0.7608246803283691,-100.62295081967213,-97.0579099451297,-4.3192134122766905
0.7721273899078369,-101.80327868852459,-97.89795648395065,-3.2124523336815596
0.7834343910217285,-102.98360655737704,-98.69003063973808,-1.953232524298425
0.7947275638580322,-104.1639344262295,-99.43357559915985,-0.538815901810823
0.8060100078582764,-105.04918032786885,-100.12805366533703,0.14175239115138005
0.8172891139984131,-105.93442622950819,-100.77294766726898,0.9763606186428184
0.8285665512084961,-106.22950819672131,-101.36776179857304,0.1841225471292578
0.8398613929748535,-106.52459016393442,-101.91202181442955,-0.46193509511183706
0.8511407375335693,-106.52459016393442,-102.40527451746438,-1.8510682599939763
0.8624122142791748,-106.81967213114754,-102.8470864670439,-2.203861322482881
0.8736908435821533,-107.11475409836065,-103.23704185201676,-2.403171906342587
0.8849918842315674,-107.40983606557377,-103.57473947414874,-2.446646746087822
0.8962700366973877,-108.0,-103.85978879808277,-1.440218268169053
0.9075465202331543,-108.59016393442623,-104.09180503325788,-0.26681127458999043
0.918820858001709,-109.47540983606558,-104.27040322337585,1.967642005453337
0.9301378726959229,-110.06557377049181,-104.39519132918272,3.4885179050202115
0.9414143562316895,-110.06557377049181,-104.4657622999336,3.4000008451198553
0.9526865482330322,-110.06557377049181,-104.48168513729483,3.475077882966497
0.9639790058135986,-109.77049180327869,-104.44249496192941,2.824618437933074
0.9755373001098633,-109.47540983606558,-104.3476820969309,2.336621141550264
0.9868254661560059,-109.18032786885246,-104.19668018291898,2.0140212310371783
0.998100757598877,-108.59016393442623,-103.98885333628611,0.9682388008161809
1.0093603134155273,-108.29508196721312,-103.72348235407901,0.979681037287115
1.020632266998291,-107.70491803278688,-103.39974995554516,0.2751001273092495
1.0319209098815918,-107.11475409836065,-103.01672503064015,-0.2561602617645402
1.0431959629058838,-106.81967213114754,-102.57334583879566,0.2821505905613364
1.054473638534546,-106.81967213114754,-102.06840206579282,1.9015098510076474
1.065751314163208,-106.52459016393442,-101.5005156011313,2.8304529837345296
1.0772407054901123,-105.93442622950819,-100.86811984081582,3.0686072019534993
1.088529348373413,-105.63934426229508,-100.16943724828411,4.399747032217551
1.099806547164917,-105.04918032786885,-99.40245481558844,5.054430488296042
1.111086130142212,-104.75409836065573,-98.56489695287054,6.818020605781655
1.1223652362823486,-104.1639344262295,-97.65419518966304,7.922848355329926
1.1336538791656494,-103.57377049180327,-96.66745388691368,9.264519425606906
1.144930124282837,-102.98360655737704,-95.60141092026439,10.854564826292572
