0.008365869522094727,0.0,0.0,0.0,0.0
0.02040386199951172,0.0,45.45961738126978,914.4065657390272,45.45961738126978
0.0384829044342041,0.0,45.46420104363082,232.8181642149662,45.46420104363082
0.05034470558166504,2.0655737704918034,45.465919917016215,191.44926892562933,43.40034614652441
0.06216907501220703,2.9508196721311477,45.46534695922109,204.79309339724753,42.51452728708994
0.07373976707458496,4.721311475409836,45.46420104363082,182.64423334328063,40.74288956822099
0.08530163764953613,6.786885245901639,45.46420104363082,167.8618939859741,38.677315797729186
0.09675025939941406,9.442622950819672,45.46477400142596,145.61944158864742,36.02215105060628
0.108123779296875,12.39344262295082,45.46420104363082,126.24983957225061,33.07075842068
0.11947774887084961,15.049180327868852,45.46477400142596,117.26831924676911,30.415593673557105
0.13080739974975586,18.295081967213115,45.46420104363082,91.93688116479846,27.169119076417708
0.1420891284942627,21.83606557377049,45.46477400142596,69.54739690489076,23.628708427655468
0.1533818244934082,25.081967213114755,45.46477400142596,57.474273861016236,20.382806788311203
0.16469073295593262,28.0327868852459,45.46420104363082,46.8922203099071,17.43141415838492
0.1761181354522705,30.983606557377048,45.46477400142596,31.901709820491178,14.48116744404891
0.18740320205688477,33.34426229508197,45.46477400142596,28.739590055305193,12.12051170634399
0.1987004280090332,35.704918032786885,45.46420104363082,16.710985684523905,9.759283010843937
0.20998048782348633,37.47540983606557,45.46477400142596,16.573898145927657,7.989364165360385
0.22125577926635742,38.950819672131146,45.46477400142596,13.482804610249957,6.513954329294812
0.23253226280212402,40.131147540983605,45.46420104363082,11.891101878812869,5.333053502647218
0.24383902549743652,41.01639344262295,45.46477400142596,11.834748766446133,4.448380558803009
0.2551844120025635,41.90163934426229,45.46420104363082,7.307769700868903,3.56256169936853
0.26654887199401855,42.49180327868852,45.46477400142596,8.75235101473167,2.9729707227374362
0.27791833877563477,43.08196721311475,45.46420104363082,5.727693260629849,2.3822338305160713
0.2892441749572754,43.67213114754098,45.46420104363082,2.7289726511504746,1.792069896089842
0.300518274307251,43.67213114754098,45.46420104363082,11.589854396055536,1.792069896089842
0.31178879737854004,43.967213114754095,45.46420104363082,5.662791878665519,1.4969879288767274
0.3230624198913574,43.967213114754095,45.46420104363082,10.096057230127961,1.4969879288767274
0.33439183235168457,43.967213114754095,45.46477400142596,10.114617947555496,1.497560886671863
0.34572625160217285,43.967213114754095,45.46420104363082,10.101537242634004,1.4969879288767274
0.35706400871276855,43.967213114754095,45.46420104363082,10.11716745282676,1.4969879288767274
0.36844348907470703,43.967213114754095,45.46420104363082,10.12420329609248,1.4969879288767274
0.37978124618530273,43.967213114754095,45.46477400142596,10.142764013520015,1.497560886671863
0.3910801410675049,43.967213114754095,45.46477400142596,10.141208182760337,1.497560886671863
0.40235376358032227,43.967213114754095,45.46420104363082,10.13672184476588,1.4969879288767274
0.41369032859802246,43.967213114754095,45.46477400142596,10.16387692912045,1.497560886671863
0.42498064041137695,43.967213114754095,45.46477400142596,10.162321098360774,1.497560886671863
0.4363090991973877,44.26229508196721,45.46477400142596,4.233874388626495,1.2024789194587484
0.4475836753845215,44.26229508196721,45.46420104363082,8.654230673582855,1.2019059616636127
0.45885467529296875,44.557377049180324,45.46420104363082,2.7329887526280716,0.9068239944504981
0.4702770709991455,44.557377049180324,45.46477400142596,7.175005207760524,0.9073969522456338
0.4815666675567627,44.85245901639344,45.46477400142596,1.2351903606074064,0.6123149850325191
0.49285078048706055,44.85245901639344,45.46477400142596,5.664297749233779,0.6123149850325191
0.5041306018829346,45.14754098360656,45.46477400142596,-0.2683096162383478,0.3172330178193974
0.5154609680175781,45.14754098360656,45.46477400142596,4.159410887142229,0.3172330178193974
0.5267486572265625,45.14754098360656,45.46420104363082,4.149377008164166,0.3166600600242617
0.5380327701568604,45.14754098360656,45.46477400142596,4.17098455153513,0.3172330178193974
0.549379825592041,45.14754098360656,45.46420104363082,4.152356305630031,0.3166600600242617
0.5607285499572754,45.14754098360656,45.46420104363082,4.16243897483918,0.3166600600242617
0.5720503330230713,45.14754098360656,45.46477400142596,4.1754521512831095,0.3172330178193974
0.5833239555358887,45.14754098360656,45.46420104363082,4.15682390537801,0.3166600600242617
0.5945971012115479,45.14754098360656,45.46420104363082,4.166906574587159,0.3166600600242617
0.6058766841888428,45.442622950819676,45.46420104363082,-1.7670903690323638,0.021578092811147087
0.617152214050293,45.442622950819676,45.46420104363082,2.6592405562005683,0.021578092811147087
0.6284339427947998,45.442622950819676,45.46420104363082,2.6593419732367805,0.021578092811147087
0.6397051811218262,45.442622950819676,45.46477400142596,2.6709682644348085,0.02215105060628275
0.6509749889373779,45.442622950819676,45.46420104363082,2.6509531332838074,0.021578092811147087
0.6624393463134766,45.442622950819676,45.46420104363082,2.6596489172470545,0.021578092811147087
0.6737213134765625,45.442622950819676,45.46420104363082,2.659750334283267,0.021578092811147087
0.684992790222168,45.442622950819676,45.46420104363082,2.6598517513194793,0.021578092811147087
0.6962623596191406,45.442622950819676,45.46420104363082,2.659953168355692,0.021578092811147087
0.7075319290161133,45.442622950819676,45.46420104363082,2.660054585391904,0.021578092811147087
0.7188026905059814,45.442622950819676,45.46420104363082,2.6601560024281166,0.021578092811147087
0.730076789855957,45.442622950819676,45.46420104363082,2.6602574194643287,0.021578092811147087
0.7413763999938965,45.442622950819676,45.46420104363082,2.6603588365005413,0.021578092811147087
0.7526533603668213,45.442622950819676,45.46420104363082,2.6604602535367534,0.021578092811147087
0.7640411853790283,45.442622950819676,45.46477400142596,2.6720865447347815,0.02215105060628275
0.7753767967224121,45.442622950819676,45.46420104363082,2.6520714135837804,0.021578092811147087
0.7866473197937012,45.442622950819676,45.46420104363082,2.660767197547028,0.021578092811147087
0.7979400157928467,45.442622950819676,45.46477400142596,2.6723934887450556,0.02215105060628275
0.809211015701294,45.442622950819676,45.46477400142596,2.6639032317558704,0.02215105060628275
0.8205447196960449,45.442622950819676,45.46420104363082,2.6524824675319043,0.021578092811147087
0.8318147659301758,45.442622950819676,45.46420104363082,2.661178251495152,0.021578092811147087
0.8431799411773682,45.442622950819676,45.46420104363082,2.661279668531364,0.021578092811147087
0.8545138835906982,45.442622950819676,45.46420104363082,2.6613810855675766,0.021578092811147087
0.8659417629241943,45.73770491803279,45.46477400142596,-3.262477869136033,-0.2729309166068319
0.877291202545166,45.73770491803279,45.46420104363082,1.142349622663784,-0.27350387440196755
0.888575553894043,45.73770491803279,45.46420104363082,1.1496585213811295,-0.27350387440196755
0.8998477458953857,46.032786885245905,45.46420104363082,-4.787112192730197,-0.5685858416150822
0.9111182689666748,46.032786885245905,45.46420104363082,-0.36355503798906863,-0.5685858416150822
0.9224205017089844,46.032786885245905,45.46420104363082,-0.36622739144465966,-0.5685858416150822
0.9337244033813477,45.73770491803279,45.46477400142596,5.578110375163202,-0.2729309166068319
0.945009708404541,45.73770491803279,45.46420104363082,1.1304788505695798,-0.27350387440196755
0.9565019607543945,46.032786885245905,45.46420104363082,-4.7976974966147115,-0.5685858416150822
0.9678096771240234,46.032786885245905,45.46477400142596,-0.3626154677117679,-0.5680128838199465
0.9790940284729004,46.032786885245905,45.46420104363082,-0.3854043693545721,-0.5685858416150822
0.9904155731201172,45.73770491803279,45.46420104363082,5.556002890018509,-0.27350387440196755
1.0016958713531494,45.73770491803279,45.46420104363082,1.1284879136121,-0.27350387440196755
1.012981653213501,45.73770491803279,45.46420104363082,1.127202445402411,-0.27350387440196755
1.0242669582366943,46.032786885245905,45.46420104363082,-4.809568268708915,-0.5685858416150822
1.0355710983276367,46.032786885245905,45.46420104363082,-0.38601111396778753,-0.5685858416150822
1.0468554496765137,45.73770491803279,45.46420104363082,5.546801778478259,-0.27350387440196755
1.0581417083740234,45.73770491803279,45.46420104363082,1.11928680207185,-0.27350387440196755
1.0694518089294434,46.032786885245905,45.46420104363082,-4.817483912039476,-0.5685858416150822
1.0807335376739502,46.032786885245905,45.46420104363082,-0.39392675729834803,-0.5685858416150822
1.0920360088348389,46.032786885245905,45.46420104363082,-0.3965991107539395,-0.5685858416150822
1.103320598602295,45.73770491803279,45.46420104363082,5.536213781692107,-0.27350387440196755
1.1146149635314941,45.442622950819676,45.46420104363082,7.044184051187335,0.021578092811147087
1.1259005069732666,45.442622950819676,45.46420104363082,2.6180559600268283,0.021578092811147087
1.1371853351593018,45.442622950819676,45.46477400142596,2.629682251224856,0.02215105060628275
1.1484723091125488,45.442622950819676,45.46420104363082,2.6096671200738553,0.021578092811147087
