3.457069396972656e-05,-87.34426229508196,-86.17840332901592,3.497576898198119
0.01020050048828125,-87.34426229508196,-85.4698807629619,5.623144596360163
0.020311594009399414,-87.34426229508196,-84.77831613121056,7.697838491614206
0.030480384826660156,-87.04918032786885,-84.10330443700205,8.837627672600405
0.04066920280456543,-86.75409836065573,-83.44442483537102,9.929020575854125
0.05078911781311035,-86.1639344262295,-82.80124109956952,10.088079979979938
0.0609583854675293,-85.57377049180327,-82.17330212713367,10.20140509400882
0.07114577293395996,-84.98360655737704,-81.56014248600572,10.270392214113983
0.08123421669006348,-84.39344262295081,-80.96128300051113,10.296478867319053
0.09132194519042969,-83.50819672131148,-80.37623137641555,9.395896034687794
0.1014547348022461,-82.91803278688525,-79.8044828637553,9.340649769389856
0.1116173267364502,-82.0327868852459,-79.24552095564756,8.361797788795002
0.12178397178649902,-81.44262295081967,-78.69881812084331,8.231414489929065
0.13194537162780762,-80.55737704918033,-78.16383656738847,7.180621445375579
0.14211463928222656,-79.67213114754098,-77.64002903440795,6.096306339399106
0.15224719047546387,-78.78688524590164,-77.1268396087253,4.980136911529016
0.16236209869384766,-77.90163934426229,-76.62370456277286,3.833804344468305
0.17244291305541992,-77.01639344262296,-76.13005321004067,2.659020697746854
0.18252015113830566,-76.42622950819673,-75.64530877414774,2.3427622021469716
0.1925959587097168,-75.54098360655738,-75.1688892675019,1.1162830171664382
0.2026820182800293,-74.65573770491804,-74.70020837543797,-0.1334120115597841
0.2127690315246582,-74.06557377049181,-74.23867634169056,-0.5193077135962625
0.2228565216064453,-73.77049180327869,-73.7837008510565,-0.03962714333341921
0.23294544219970703,-73.77049180327869,-73.33468790514229,1.307411694409197
0.24302148818969727,-73.77049180327869,-72.89104268715458,2.6383473483723208
0.2530958652496338,-73.47540983606558,-72.45217041178994,3.0697182728269325
0.26321864128112793,-73.18032786885246,-72.0174771563939,3.4885521373756916
0.2733297348022461,-72.88524590163935,-71.58637066969756,3.896625695825378
0.2834196090698242,-72.29508196721312,-71.15826115459166,3.410462437864396
0.29350948333740234,-71.70491803278688,-70.73256202155946,2.9170680336822556
0.30359601974487305,-71.11475409836065,-70.30869060956039,2.4181904664007874
0.31368088722229004,-70.52459016393442,-69.88606887133035,1.915563877812204
0.32376670837402344,-69.93442622950819,-69.46412402023667,1.410906627814569
0.33385372161865234,-69.04918032786885,-69.04228913599589,0.020673575618900486
0.34394121170043945,-68.45901639344262,-68.62000372672382,-0.4829619998435959
0.35402750968933105,-67.8688524590164,-68.19671424494118,-0.983585357774345
0.36415529251098633,-67.57377049180327,-67.77187455529449,-0.5943121904736444
0.37427806854248047,-67.57377049180327,-67.34494635187721,0.686472419778184
0.38437318801879883,-67.57377049180327,-66.91539952313656,1.9751129060001489
0.39445996284484863,-67.57377049180327,-66.48271246243678,3.2731740880994806
0.404543399810791,-67.27868852459017,-66.0463723224051,3.696948606555182
0.41463351249694824,-66.68852459016394,-65.60587521121742,3.2479481368395398
0.4247164726257324,-66.39344262295081,-65.16072632898076,3.6981488819101713
0.4347963333129883,-65.80327868852459,-64.71044004233764,3.278515938560844
0.44487762451171875,-65.21311475409836,-64.25453989534562,2.8757245762582215
0.4549405574798584,-64.62295081967213,-63.79255855457692,2.491176795285618
0.4650285243988037,-64.0327868852459,-63.324037686224685,2.1262475970636388
0.4751152992248535,-63.14754098360656,-62.84852776279816,0.8970396624251933
0.4851977825164795,-62.557377049180324,-62.3655877967266,0.5753677573611711
0.4952852725982666,-61.67213114754098,-61.87478499786224,-0.6079615509637861
0.505368709564209,-61.08196721311475,-61.37569435147849,-0.8811814150912056
0.5154526233673096,-60.78688524590164,-60.867898112874975,-0.24303860092001628
0.525547981262207,-60.78688524590164,-60.35098521412643,1.3077000953256146
0.5356326103210449,-60.78688524590164,-59.82455057782826,2.887004004220124
0.5456931591033936,-60.78688524590164,-59.288194331877555,4.4960727420722435
0.5557770729064941,-60.49180327868852,-58.74152091837035,5.250847080954522
0.5658993721008301,-60.19672131147541,-58.184138088558065,6.037749668752028
0.5759894847869873,-59.60655737704918,-57.61565577446565,5.972704807750581
0.586071252822876,-59.01639344262295,-57.0356848261893,5.942125849300936
0.5961554050445557,-58.42622950819672,-56.443835602009386,5.947181718562
0.6062369346618652,-57.83606557377049,-55.83971639622491,5.9890475326367465
0.6163241863250732,-56.950819672131146,-55.2229316869656,5.183663955496634
0.6264071464538574,-56.36065573770492,-54.59308018305945,5.302726663936404
0.6364820003509521,-55.47540983606557,-53.949752645250136,4.576971572446311
0.6465649604797363,-54.885245901639344,-53.29252945247975,4.778149347478788
0.6566519737243652,-54.0,-52.62097787845,4.137066364650003
0.6667642593383789,-53.40983606557377,-51.93464903697019,4.425561085810735
0.6768710613250732,-52.52459016393443,-51.233074446449,3.874547152456273
0.6869628429412842,-51.63934426229508,-50.51576215386758,3.370746325282518
0.6970489025115967,-50.75409836065574,-49.78219234623162,2.9157180432723635
0.7071428298950195,-49.868852459016395,-49.03181236217726,2.511120290517397
0.7172281742095947,-48.98360655737705,-48.264030997271654,2.1587266803161924
0.727313756942749,-48.39344262295082,-47.47821197247782,2.7456919514189977
0.7373981475830078,-47.50819672131148,-46.673666404754755,2.503590949670169
0.7474849224090576,-46.622950819672134,-45.849644079809444,2.31992021958807
0.7575926780700684,-45.73770491803279,-45.00532327684014,2.1971449235779588
0.7676994800567627,-44.85245901639344,-44.13979882989231,2.137980559503397
0.7777872085571289,-44.26229508196721,-43.25206802485338,3.0306811713414916
0.7878718376159668,-43.377049180327866,-42.341013817594195,3.108106088201012
0.7979536056518555,-42.49180327868852,-41.40538470651372,3.2592557165244003
0.808037281036377,-41.60655737704918,-40.44377038602741,3.488360973065305
0.8181209564208984,-40.721311475409834,-39.454572023168076,3.8002183567252743
0.8282184600830078,-39.83606557377049,-38.43596560254425,4.20029991367872
0.8383009433746338,-39.24590163934426,-37.385856222103826,5.5801362517213065
0.8483831882476807,-38.36065573770492,-36.301820410170514,6.17650598260321
0.858466386795044,-37.47540983606557,-35.18103234002596,6.8831324881188465
0.8685712814331055,-36.59016393442623,-34.02016802415967,7.709987730799668
0.8786592483520508,-35.704918032786885,-32.81527880963475,8.668917669456413
0.888744592666626,-35.114754098360656,-31.56162113245534,10.659398897715949
0.8988313674926758,-34.22950819672131,-30.253422377738698,11.928257456947843
0.908919095993042,-33.34426229508197,-28.88355069090042,13.382134812544642
0.9190068244934082,-32.459016393442624,-27.443035490173106,15.047942709808556
0.9290976524353027,-31.57377049180328,-25.92034654182577,16.960271849932536
0.9391899108886719,-30.983606557377048,-24.30026356907964,20.050028964892224
0.9492812156677246,-30.098360655737704,-22.562009653689252,22.609053006145356
0.9593827724456787,-29.21311475409836,-20.67595983903436,25.611464745192002
0.9694778919219971,-28.327868852459016,-18.59731421299175,29.191663918401794
0.979572057723999,-27.442622950819672,-16.252393299682375,33.57068895341189
0.9896581172943115,-26.262295081967213,-13.50314378234906,38.27745389885446
0.9997425079345703,-25.081967213114755,-10.02198035887947,45.17996056270586
1.0098304748535156,-23.901639344262296,-4.2952408547294105,58.81919546859866
1.0199134349822998,-22.721311475409838,-4.2952408547294105,55.27821186204128
1.030000925064087,-21.24590163934426,0.0,63.73770491803278
1.0401136875152588,-19.475409836065573,0.0,58.42622950819672
1.0501997470855713,-17.704918032786885,0.0,53.114754098360656
1.0602824687957764,-15.934426229508198,0.0,47.80327868852459
1.0704693794250488,-13.868852459016393,0.0,41.60655737704918
1.0805580615997314,-12.098360655737705,0.0,36.295081967213115
1.0906474590301514,-10.327868852459016,0.0,30.983606557377048
1.1007404327392578,-8.557377049180328,0.0,25.672131147540984
1.1108262538909912,-7.081967213114754,0.0,21.24590163934426
1.1209118366241455,-5.60655737704918,0.0,16.81967213114754
1.1309964656829834,-4.131147540983607,0.0,12.39344262295082
1.1411163806915283,-2.6557377049180326,0.0,7.967213114754098
1.1511824131011963,-1.4754098360655739,0.0,4.426229508196721
1.1612634658813477,-0.5901639344262295,0.0,1.7704918032786885
1.1713600158691406,0.5901639344262295,0.0,-1.7704918032786885
1.1814472675323486,1.4754098360655739,0.0,-4.426229508196721
1.1915299892425537,1.7704918032786885,0.0,-5.311475409836065
1.2016210556030273,2.0655737704918034,-5.5442672585027255,-22.829523086983585
1.2117090225219727,2.0655737704918034,-10.18472227484239,-36.75088813600257
1.2217915058135986,1.7704918032786885,-13.516809750403356,-45.86190466104613
1.2318780422210693,1.180327868852459,-16.35308404778097,-52.60023574990029
1.2419629096984863,0.5901639344262295,-18.911463419918512,-58.50488206303422
1.2520477771759033,-0.5901639344262295,-21.286639967471242,-62.089428099135034
1.2621333599090576,-1.7704918032786885,-23.528960955177716,-65.27540745569709
1.2723252773284912,-2.6557377049180326,-25.668489011747123,-69.03825392048728
1.2824130058288574,-4.426229508196721,-27.72459230462515,-69.89508838928529
1.2924985885620117,-6.491803278688525,-29.71043571157672,-69.65589729866458
1.3025882244110107,-8.557377049180328,-31.63532807765458,-69.23385308542277
1.3126769065856934,-10.62295081967213,-33.50605144202164,-68.64930186704854
1.3227581977844238,-12.98360655737705,-35.327661484132406,-67.03216478026607
1.332866907119751,-14.754098360655737,-37.10399362508291,-67.0496857932815
1.3429796695709229,-16.524590163934427,-38.83799598453842,-66.94021746181198
1.3530781269073486,-19.18032786885246,-40.531955787981445,-64.05488375738696
1.3631887435913086,-21.540983606557376,-42.1876576934502,-61.94002226067847
1.3733024597167969,-23.016393442622952,-43.806497211191235,-62.370311305704845
1.3834073543548584,-25.37704918032787,-45.38956368238534,-60.0375435061724
1.3936116695404053,-27.442622950819672,-46.937702129333516,-58.48523753554153
1.4037511348724365,-29.80327868852459,-48.451560134459044,-55.94484433780336
1.4138450622558594,-31.868852459016395,-49.93162391634745,-54.18831437199316
1.4239470958709717,-33.049180327868854,-51.37824648397106,-54.98719846830662
1.434027910232544,-34.22950819672131,-52.791669897989316,-55.68648510380401
1.4441158771514893,-36.59016393442623,-54.172043091868694,-52.745637472327395
1.4542186260223389,-38.950819672131146,-55.519436308723506,-49.70584990977708
1.4642910957336426,-41.31147540983606,-56.833852931729616,-46.56713256568066
1.474372386932373,-43.377049180327866,-58.11523928808406,-44.21457032326859
1.484445333480835,-45.73770491803279,-59.363492863588725,-40.877363836667804
1.4945189952850342,-47.80327868852459,-60.578469260344505,-38.32557171545974
1.5045974254608154,-49.868852459016395,-61.759988152486585,-35.67340708041057
1.51466965675354,-51.63934426229508,-62.90783843666792,-33.80548252311852
1.5247430801391602,-53.704918032786885,-64.0217827297693,-30.95059409094724
1.5348141193389893,-55.47540983606557,-65.10156133230194,-28.878454488709103
1.5448861122131348,-56.950819672131146,-66.14689574951761,-27.588228232159395
1.554957628250122,-58.721311475409834,-67.15749184142378,-25.30854109804183
1.5650403499603271,-60.19672131147541,-68.13304265632011,-23.80896403453412
1.575122356414795,-61.08196721311475,-69.07323098912545,-23.973791328032092
1.5852954387664795,-62.557377049180324,-69.97773169488092,-22.261063937101774
1.5953772068023682,-63.73770491803279,-70.84621377886191,-21.325526582487356
1.6054573059082031,-64.91803278688525,-71.6783422772836,-20.280928471195068
1.6155383586883545,-66.09836065573771,-72.47377993634089,-19.126257841809547
1.6256186962127686,-67.27868852459017,-73.23218869205503,-17.8605005023946
1.6357026100158691,-68.45901639344262,-73.95323094893389,-16.482643666473805
1.645782709121704,-69.34426229508196,-74.63657065166122,-15.876925069737766
1.6558618545532227,-70.22950819672131,-75.28187414082073,-15.157097832298263
1.665938377380371,-71.40983606557377,-75.88881078094973,-13.436924146127865
1.6760249137878418,-72.29508196721312,-76.45705334695582,-12.485914139228086
1.6860594749450684,-73.18032786885246,-76.98627815305949,-11.417850852621086
1.69614577293396,-74.06557377049181,-77.47616490690781,-10.231773409248007
1.706268072128296,-74.95081967213115,-77.92639627029219,-8.926729794483123
1.7163479328155518,-75.8360655737705,-78.33665710695328,-7.501774599548355
1.7266523838043213,-76.72131147540983,-78.70663339721658,-5.955965765420231
1.7367424964904785,-77.60655737704919,-79.0360107986147,-4.288360264696536
1.7468442916870117,-78.49180327868852,-79.32447283115025,-2.4980086573851707
1.7569589614868164,-79.37704918032787,-79.57169866535777,-0.583948455089697
1.767075777053833,-80.26229508196721,-79.77736049073866,1.4548037736856543
1.7771751880645752,-81.14754098360656,-79.94112044136457,3.619261626725958
1.7872686386108398,-81.44262295081967,-80.0626270543475,4.1399876894165
1.7973968982696533,-81.44262295081967,-80.14151123530614,3.9033351465405843
1.8074913024902344,-81.44262295081967,-80.17738170276239,3.7957237441718377
1.8175783157348633,-81.14754098360656,-80.16981988036441,2.9331633097264387
1.8276686668395996,-80.85245901639344,-80.11837420174147,2.202254443955894
1.837761640548706,-80.26229508196721,-80.02255378736207,0.7192238838154168
1.8478524684906006,-79.67213114754098,-79.88182144567482,-0.629070894401508
1.8579356670379639,-79.37704918032787,-79.69558594166135,-0.9556102840004286
1.8680217266082764,-79.08196721311475,-79.46319346423819,-1.1436787533703097
1.8781177997589111,-79.08196721311475,-79.18391820910786,-0.30585298797932126
1.8882157802581787,-79.08196721311475,-78.85695197492099,0.6750457145812874
1.8982985019683838,-79.37704918032787,-78.48139264699748,2.686969599991187
1.908365249633789,-79.37704918032787,-78.05623141312083,3.9624533016211387
1.9184479713439941,-79.08196721311475,-77.58033851843145,4.5048860840499145
1.928515911102295,-78.78688524590164,-77.05244731905252,5.203313780547376
1.938563585281372,-78.19672131147541,-76.47113633391426,5.176754932683465
1.9486448764801025,-77.90163934426229,-75.83480891745585,6.200491280419342
1.958726167678833,-77.31147540983606,-75.14167007721912,6.509415997850837
1.9688100814819336,-76.72131147540983,-74.38969983261858,6.994834928373777
1.9789032936096191,-75.8360655737705,-73.57662234435736,6.77832968823941
1.9889862537384033,-75.24590163934427,-72.69986982399777,7.638095446039486
1.9991960525512695,-74.65573770491804,-71.75653994004043,8.697593294632838
2.009282350540161,-73.77049180327869,-70.74334504158243,9.081440285088775
2.019371509552002,-73.18032786885246,-69.65655098079435,10.571330664174326
2.0294744968414307,-72.29508196721312,-68.49190256786638,11.409538198040238
