0.0017118453979492188,106.81967213114754,106.81967213114756,1.6361099142159219e-12
0.013458251953125,106.81967213114754,106.40493318825025,-47.74930923470915
0.02518939971923828,107.11475409836066,106.01526453527231,-80.51156898252285
0.036618709564208984,106.81967213114754,105.65212989786077,-12.285204586348282
0.04843735694885254,105.9344262295082,105.31682163403377,58.56771498637362
0.05992937088012695,105.63934426229508,105.01047495242723,-3.845675813330958
0.07157254219055176,105.63934426229508,104.73408868485366,-34.42724689057385
0.08304905891418457,105.63934426229508,104.48854545403366,-32.00543513329358
0.0946500301361084,105.34426229508196,104.27462105307424,4.597854570538375
0.10623574256896973,105.34426229508196,104.09297311484646,-25.354345374420465
0.11774277687072754,105.34426229508196,103.94410383618677,-22.33575601496654
0.1291801929473877,105.34426229508196,103.8282996145566,-19.155400603490996
0.1406857967376709,105.34426229508196,103.74555880651346,-15.84462895836646
0.15216445922851562,105.34426229508196,103.69552376118988,-12.443773908805756
0.16353797912597656,105.34426229508196,103.67743276985468,-9.000138681947893
0.1749248504638672,105.34426229508196,103.69010222878299,-5.564719658331269
0.18633699417114258,105.34426229508196,103.73194173893766,-2.188494467023502
0.19783353805541992,105.34426229508196,103.80099797481401,1.080942801737244
0.20923352241516113,105.34426229508196,103.89501880694303,4.201882514721265
0.22062444686889648,105.63934426229508,104.0115277726411,-26.833139271157858
0.23201346397399902,105.63934426229508,104.14789992161204,8.676391053560234
0.24340009689331055,105.9344262295082,104.30143227928515,-22.80263177351355
0.2548859119415283,105.9344262295082,104.46940473071743,12.231263318931237
0.26635026931762695,105.9344262295082,104.64912941230162,14.230258153333079
0.2777531147003174,105.9344262295082,104.8379884206251,15.978689608778108
0.2892134189605713,106.22950819672131,105.03346076237693,-16.49570821021072
0.30059075355529785,106.52459016393442,105.23314006416003,-16.435708337893555
0.3119680881500244,106.52459016393442,105.43474477324284,17.349699980118963
0.3233518600463867,106.52459016393442,105.63612254436771,18.11222640878161
0.33476996421813965,106.81967213114754,105.8352503329421,-15.328129011921094
0.34615445137023926,106.81967213114754,106.03023147921165,17.762121646003393
0.35767054557800293,106.81967213114754,106.21929082121757,17.848373794291618
0.369051456451416,107.11475409836066,106.4007686447993,-16.249565041952412
0.38046836853027344,107.40983606557377,106.57311408001983,-17.771954412832926
0.39185142517089844,107.40983606557377,106.73487838923288,14.472776637689302
0.4032320976257324,107.40983606557377,106.88470846129053,13.735569349262045
0.4146087169647217,107.40983606557377,107.02134072522072,12.80790683932576
0.4259953498840332,108.0,107.14359562023309,-56.252046161787334
0.43737149238586426,108.29508196721312,107.25037270229112,-25.959062703859132
0.44899487495422363,108.0,107.34064642634026,39.30917329602526
0.4603862762451172,108.0,107.41346261387989,4.86213050033594
0.47179532051086426,108.29508196721312,107.46793559488613,-30.941832852086506
0.483182430267334,108.59016393442623,107.50324599872444,-34.131830576004326
0.49456143379211426,108.59016393442623,107.51863915878938,-3.5178608451438995
0.5061752796173096,108.29508196721312,107.51342408875911,28.12302499092391
0.5176904201507568,108.29508196721312,107.48697298352357,-7.14535117639957
0.5291967391967773,108.59016393442623,107.4387211942719,-43.75086331779334
0.5406899452209473,108.59016393442623,107.36816762437901,-13.748638213377827
0.5522775650024414,108.29508196721312,107.27487549025321,17.298464837964957
0.5637736320495605,108.29508196721312,107.15847338897012,-18.544499758560608
0.5752642154693604,108.29508196721312,107.01865661220636,-21.730923380049653
0.5867762565612793,108.29508196721312,106.85518864365875,-25.041500691005563
0.5983400344848633,108.29508196721312,106.66790277482521,-28.469618468857902
0.6100125312805176,108.29508196721312,106.45670377180465,-32.008194297501376
0.6214399337768555,108.0,106.22156952376972,-1.676588580089465
0.6328577995300293,107.70491803278688,105.96255260212413,-4.2208034539847405
0.6442687511444092,107.70491803278688,105.67978165824421,-40.81857558049251
0.6559367179870605,107.40983606557377,105.37346258730136,-10.733854952049835
0.6673495769500732,107.11475409836066,105.0438793861474,-13.498178153945025
0.6787607669830322,107.11475409836066,104.69139463478741,-50.28805095261254
0.6901710033416748,106.81967213114754,104.31644953371061,-20.366307398384784
0.701634407043457,106.52459016393442,103.91956343341711,-23.26351082928294
0.7130522727966309,105.9344262295082,103.50133279793994,7.79080030810284
0.7244579792022705,105.9344262295082,103.06242955103868,-61.892912059044775
0.7358958721160889,105.63934426229508,102.6035987619937,-32.03593893249187
0.7473104000091553,105.34426229508196,102.12565563746078,-34.955346403323105
0.7587895393371582,104.75409836065573,101.62948179647577,-3.8806590375349526
0.7702703475952148,104.45901639344262,101.11602081719872,-39.5286786791005
0.7817668914794922,103.8688524590164,100.58627305605317,-8.375453735209344
0.7931785583496094,103.57377049180327,100.0412897522046,-43.92539754083444
0.8045883178710938,103.27868852459017,99.48216644243873,-46.62860355016862
0.8160457611083984,102.68852459016394,98.91003572304226,-15.290454299839212
0.827430248260498,102.09836065573771,98.32605940583628,-16.65732607416886
0.8388888835906982,101.50819672131148,97.73142012467304,-17.935535581304656
0.8502726554870605,100.91803278688525,97.12731245611515,-19.11916691625342
0.8617432117462158,100.32786885245902,96.51493362336528,-20.20330253866511
0.8731284141540527,100.0327868852459,95.89547385556071,-55.15718223550323
0.8845126628875732,99.44262295081967,95.27010647512687,-23.250994636883025
0.8959259986877441,98.85245901639344,94.63997778390979,-24.02413729113242
0.907418966293335,98.26229508196721,94.0061968142791,-24.689535704118768
0.9188196659088135,97.67213114754098,93.36982500437023,-25.248284183060896
0.930213212966919,97.08196721311475,92.7318658472472,-25.702838837477387
0.9417495727539062,96.49180327868852,92.09325455216973,-26.057058954870875
0.9536488056182861,95.90163934426229,91.4548477425184,-26.316245707620897
0.9651370048522949,95.60655737704919,90.81741319942482,-60.46026184421397
0.9766578674316406,94.72131147540983,90.18161964287995,6.20279027396117
0.9881303310394287,93.8360655737705,89.54802652307704,7.368133347127166
0.9999828338623047,93.54098360655738,88.91707377388823,-59.3481586761566
1.0118439197540283,93.24590163934427,88.28907145740182,-60.45115114889485
1.023625135421753,92.65573770491804,87.6641892028704,-27.556329736457137
1.0353121757507324,91.77049180327869,87.04244531444483,6.53867684202493
1.0469005107879639,90.88524590163935,86.42369538853487,7.8480919037499355
1.0589139461517334,90.59016393442623,85.80762024187254,-58.80803920894446
1.0712206363677979,90.59016393442623,85.19371290303155,-93.9175827491169
1.083113431930542,89.70491803278688,84.58126436004056,5.593779254760761
1.0948374271392822,88.81967213114754,83.96934768033408,6.6491855148792425
1.1064822673797607,88.22950819672131,83.35680002036106,-26.394764858245747
1.1178677082061768,87.93442622950819,82.74220191192086,-60.79135374815909
1.1291687488555908,87.34426229508196,82.12385303819407,-28.638400513240978
1.1404974460601807,86.45901639344262,81.49974347639595,4.453736034504587
1.1517903804779053,85.8688524590164,80.8675190594469,-29.503034693267704
