0.0018575191497802734,-1.7704918032786885,-5.994857410453803,-240.83108326505328
0.013421297073364258,-2.0655737704918034,-9.093413166521294,-189.4810872649573
0.02489185333251953,-3.2459016393442623,-11.632189156745973,-126.82280361562898
0.03618574142456055,-5.311475409836065,-13.91313413916178,-71.26257321397956
0.04746127128601074,-7.377049180327869,-16.04224530586792,-64.20229616325179
0.059526681900024414,-9.737704918032787,-18.06650519606512,-41.93415104737553
0.07081389427185059,-12.098360655737705,-20.013988741714787,-35.282284756471824
0.08213281631469727,-14.459016393442623,-21.90073876108059,-29.00268563758123
0.0934147834777832,-16.81967213114754,-23.735922578884615,-22.815234624663443
0.10510683059692383,-18.295081967213115,-25.527561604258697,-67.18621920666351
0.11742687225341797,-19.770491803278688,-27.279666541768755,-67.22147227095864
0.12880730628967285,-22.42622950819672,-28.99567513818557,0.11214752953496543
0.1401057243347168,-24.491803278688526,-30.6784521824848,-25.116760991586844
0.15138721466064453,-26.262295081967213,-32.3291435902567,-37.488643242411584
0.1626758575439453,-27.737704918032787,-33.949468234886666,-51.80092473909007
0.17395329475402832,-29.508196721311474,-35.539999074169835,-34.357727386654346
0.18535065650939941,-31.278688524590162,-37.101309065901326,-31.49063853365321
0.19668364524841309,-33.049180327868854,-38.63339821008115,-28.41661972119956
0.20807695388793945,-34.52459016393443,-40.13683946450443,-41.99066601553844
0.21938538551330566,-36.295081967213115,-41.6122057869663,-23.820113929291473
0.2306833267211914,-37.77049180327869,-43.058351261876496,-36.96119797886203
0.24203181266784668,-39.24590163934426,-44.47584884703015,-35.17571720672838
0.25337791442871094,-41.01639344262295,-45.864125584632134,-16.333548330172306
0.2647824287414551,-42.49180327868852,-47.223181474682455,-28.859440473098054
0.2760627269744873,-43.967213114754095,-48.55301651718109,-26.42523257456955
0.2874166965484619,-45.14754098360656,-49.8524847965378,-40.54202508978758
0.29886913299560547,-46.622950819672134,-51.12158631275258,-22.8704166880107
0.3102126121520996,-48.09836065573771,-52.35974810803028,-19.70530823016504
0.32149219512939453,-49.278688524590166,-53.56697018237092,-33.14356279896271
0.3330080509185791,-50.459016393442624,-54.742106620184245,-31.545771857590168
0.3445165157318115,-51.9344262295082,-55.88515742147024,-12.900385739030646
0.35587167739868164,-53.114754098360656,-56.99554962843377,-25.570812705641476
0.367368221282959,-54.59016393442623,-58.07271028327972,-6.402217934057681
0.3787353038787842,-55.77049180327869,-59.11606642821295,-18.540744477892545
0.39009952545166016,-56.65573770491803,-60.125045105438325,-32.47679195626253
0.4014589786529541,-57.83606557377049,-61.099646314955855,-14.596369402282086
0.41282224655151367,-59.01639344262295,-62.0392970989704,-11.194337569830964
0.42418670654296875,-60.19672131147541,-62.94285154189171,-7.479567835955386
0.4356565475463867,-61.08196721311475,-63.810309643719776,-20.331617967575784
0.44713807106018066,-61.967213114754095,-64.64109844665948,-18.1436921855796
0.45933103561401367,-63.14754098360656,-65.43521795071081,1.124452903432644
0.4707679748535156,-64.0327868852459,-66.19152224028348,-10.857880802374723
0.48223257064819336,-64.62295081967213,-66.91058427317267,-24.675029352632386
0.49363088607788086,-65.21311475409836,-67.59125813378807,-23.412971656063565
0.5050640106201172,-65.80327868852459,-68.23354382212975,-21.882717971121366
0.516481876373291,-66.68852459016394,-68.83686838040249,-3.2285971413550882
0.5278363227844238,-67.27868852459017,-69.40180476640148,-15.90792521175084
0.5392203330993652,-68.1639344262295,-69.92720706453646,3.3241500402526167
0.5505959987640381,-68.75409836065573,-70.41364823260253,-8.772427951155452
0.563060998916626,-69.04918032786885,-70.86055531280456,-22.630711459381256
0.5745031833648682,-69.63934426229508,-71.2685012629377,-4.669322275235764
0.5858819484710693,-70.22950819672131,-71.63691312520683,-1.1544274262202698
0.5972528457641602,-71.11475409836065,-71.96579089961192,19.462441850264405
0.6086297035217285,-71.40983606557377,-72.25570754394812,-8.069999822247448
0.6199944019317627,-72.0,-72.50666305821541,11.00154735238398
0.6314201354980469,-72.29508196721312,-72.71923040020896,-1.2597815023772707
0.6428391933441162,-72.29508196721312,-72.89340956992872,-15.319708713409664
0.6542532444000244,-72.59016393442623,-73.02920056737473,2.4644446829737
0.6659460067749023,-72.88524590163935,-73.12774930813723,5.699865068239446
0.6774253845214844,-72.88524590163935,-73.18962875001137,-7.656968269601558
0.6889040470123291,-72.88524590163935,-73.21483889299712,-6.003270255996224
0.700324535369873,-73.18032786885246,-73.20395269488962,12.697186068305808
0.7117376327514648,-73.18032786885246,-73.1586890290743,-0.02097685785313841
0.7232558727264404,-73.18032786885246,-73.07847493775598,2.2890615858352135
0.7347283363342285,-73.18032786885246,-72.9656022521152,4.714247357611551
0.7461211681365967,-72.88524590163935,-72.82007097215198,-9.453124348376068
0.7575092315673828,-72.88524590163935,-72.64245405566142,8.151002172540105
0.769097089767456,-72.88524590163935,-72.43504333382407,11.097069518418925
0.7806425094604492,-72.59016393442623,-72.19841176443504,-2.601221727721652
0.7922515869140625,-72.59016393442623,-71.93313230528946,15.448797651071907
0.8036434650421143,-72.59016393442623,-71.64149678756787,18.817535875392263
0.8152046203613281,-72.59016393442623,-71.32350521127027,22.37394642550769
0.8266432285308838,-72.59016393442623,-70.98202236537229,25.95497124250336
0.8380553722381592,-72.29508196721312,-70.61704824987396,12.881461737035012
0.8494608402252197,-72.0,-70.23144765375092,14.564101694101897
0.8614864349365234,-71.40983606557377,-69.82522057700317,-0.43038448418143105
0.8728983402252197,-71.11475409836065,-69.40123180860635,16.13128129011013
0.8843936920166016,-71.11475409836065,-68.96062726415074,34.82194153323755
0.895798921585083,-70.81967213114754,-68.50512581702175,21.958770128803902
0.9071886539459229,-70.52459016393442,-68.03644634060473,23.857735595865194
0.918623685836792,-70.22950819672131,-67.5563077082851,25.752822051625852
0.9300119876861572,-69.63934426229508,-67.06642879344825,10.80947183439399
0.941420316696167,-69.04918032786885,-66.5691014272747,10.556839212466166
0.9528188705444336,-68.75409836065573,-66.06604448314984,27.080121847844502
0.9645228385925293,-68.1639344262295,-65.55897683445906,11.97093429125438
0.9759492874145508,-67.57377049180327,-65.05076327017802,11.479807551967134
0.9874477386474609,-66.98360655737704,-64.54254970589697,10.930565529466389
0.9988589286804199,-66.39344262295081,-64.0372009305916,10.217182383760466
1.0102591514587402,-65.80327868852459,-63.536435817647245,9.384875944044662
1.0220096111297607,-65.21311475409836,-63.04254619824448,8.388886747359683
1.0335938930511475,-64.62295081967213,-62.5578239035638,7.21308030219765
1.0452148914337158,-64.0327868852459,-62.083987806990606,5.8739635226346945
1.0566983222961426,-63.442622950819676,-61.62447565529569,4.261385272557252
1.068188190460205,-62.85245901639344,-61.18043336406931,2.4817610032540447
1.0796551704406738,-62.26229508196721,-60.75415276449197,0.4615745000348124
1.0911157131195068,-61.67213114754098,-60.34907160333449,-1.8807462383971547
1.1025218963623047,-61.377049180327866,-59.96576283839196,12.416432759036006
1.1139187812805176,-61.08196721311475,-59.607664216435204,11.611785222919778
1.12538743019104,-60.78688524590164,-59.276494610849575,10.533051779321521
1.136847972869873,-60.49180327868852,-58.97397289502051,9.167913835641711
1.1482264995574951,-60.19672131147541,-58.7023909001285,7.471371286654653
