0.003587007522583008,49.868852459016395,-130.1311475409836,-20723.579999999998
0.01486825942993164,49.57377049180328,-131.16764710849853,-812.5601497403484
0.026159286499023438,48.39344262295082,-132.11868449878574,-707.3968850175239
0.03748822212219238,46.622950819672134,-132.99809433407526,-633.8926638672594
0.04878807067871094,44.557377049180324,-133.81699840310014,-592.9637639159929
0.060118675231933594,42.19672131147541,-134.5844336243926,-551.6208973496462
0.07161307334899902,39.540983606557376,-135.30781516607902,-509.7067478184488
0.08301424980163574,36.59016393442623,-135.99328255130027,-467.0974753025041
0.09435486793518066,33.63934426229508,-136.64596152106847,-457.66746497932
0.10574173927307129,30.688524590163933,-137.2701644403729,-448.55616930553964
0.11726784706115723,27.442622950819672,-137.86954531159836,-405.73147455519745
0.12896943092346191,24.491803278688526,-138.44722086978436,-429.8728320042759
0.14030003547668457,20.950819672131146,-139.00586605765645,-353.4544236501437
0.15157842636108398,17.704918032786885,-139.5477899511598,-376.71249954687636
0.1629643440246582,14.459016393442623,-140.0749966254874,-367.2931550073467
0.17445826530456543,11.80327868852459,-140.58923431666108,-425.9077134432931
0.1859908103942871,8.557377049180328,-141.09203540994807,-351.0838627624263
0.19727206230163574,5.016393442622951,-141.58474918228708,-307.91514150118354
0.2085552215576172,1.4754098360655739,-142.06856877855964,-297.56912423541604
0.21982693672180176,-1.180327868852459,-142.54455356724156,-389.16742115528564
0.23109841346740723,-4.721311475409836,-143.0136477689619,-280.51953287687115
0.2423689365386963,-8.262295081967213,-143.47669605996447,-270.2403124484492
0.25363945960998535,-11.21311475409836,-143.93445670575807,-327.9086925533499
0.26491379737854004,-14.459016393442623,-144.38761266703673,-286.037798206407
0.2765660285949707,-17.704918032786885,-144.8367810319856,-276.9504365530082
0.28784728050231934,-20.950819672131146,-145.28252106027995,-267.8554982225508
0.299121618270874,-24.19672131147541,-145.72534106991864,-258.7492979060486
0.31039953231811523,-27.442622950819672,-146.16570435513918,-249.62863701081636
0.32167911529541016,-30.098360655737704,-146.604034289497,-308.43689667157446
0.3330109119415283,-32.75409836065574,-147.04071874082987,-301.6635848004511
0.3442850112915039,-36.0,-147.47611390280488,-226.93412202115826
0.35558366775512695,-39.24590163934426,-147.91054762992277,-217.75471730365513
0.3668558597564697,-42.49180327868852,-148.34432234837195,-208.55003688927667
0.37821364402770996,-46.032786885245905,-148.7777176032927,-165.34556706596788
0.389554500579834,-49.278688524590166,-149.21099229331222,-188.8671617163207
0.40094637870788574,-52.52459016393443,-149.64438663521923,-179.57282309686968
0.4122171401977539,-55.47540983606557,-150.07812389504113,-204.22150214026618
0.42348742485046387,-58.721311475409834,-150.5124119162998,-162.08521287173022
0.4347574710845947,-61.67213114754098,-150.94744447165527,-186.6771490581529
0.4460878372192383,-64.62295081967213,-151.3834024603238,-178.45573717796253
0.45744752883911133,-67.57377049180327,-151.82045497045345,-170.2072155935984
0.46878910064697266,-70.22950819672131,-152.2587602229423,-195.90411673969305
0.4800679683685303,-73.18032786885246,-152.6984664109065,-154.81883245645184
0.49133801460266113,-76.1311475409836,-153.1397124470778,-146.49180328487688
0.5026082992553711,-78.78688524590164,-153.5826286297731,-172.108856173103
0.5139377117156982,-81.73770491803279,-154.02733723668146,-130.94251014630868
0.525209903717041,-84.68852459016394,-154.47395305452758,-122.5333154129612
0.536541223526001,-87.63934426229508,-154.92258385164826,-114.09411106688071
0.5478105545043945,-90.59016393442623,-155.37333079964648,-105.62461114780945
0.5590817928314209,-93.54098360655738,-155.82628884953488,-97.12454850581645
0.57035231590271,-96.49180327868852,-156.28154706713408,-88.5936714979739
0.5817480087280273,-99.73770491803279,-156.73918893193158,-46.05865904489633
0.5931031703948975,-102.68852459016394,-157.19929260312244,-70.24639663058537
0.6043739318847656,-105.63934426229508,-157.66193115613646,-61.61577714624593
0.615642786026001,-108.29508196721312,-158.1271727925902,-86.92651835198129
0.626986026763916,-110.95081967213115,-158.59508102628746,-79.4243739805107
0.638258695602417,-113.60655737704919,-159.0657148476172,-71.89598436299684
0.6495301723480225,-115.9672131147541,-159.53912886845632,-98.31421901731417
0.6608853340148926,-118.91803278688525,-160.0153734494775,-23.978666920480862
0.6722772121429443,-121.27868852459017,-160.49449481157808,-83.1301924843502
0.6836469173431396,-123.63934426229508,-160.97653513298704,-76.68680312429294
0.695098876953125,-126.29508196721312,-161.46153263346707,-36.24889398461505
0.706397533416748,-128.65573770491804,-161.94952164690625,-62.54334522181213
0.7176680564880371,-130.72131147540983,-162.44053268348665,-90.0021111825902
0.7289581298828125,-133.08196721311475,-162.93459248252344,-50.684678519580416
0.7402706146240234,-135.44262295081967,-163.43172405698445,-44.13167192788828
0.7515397071838379,-137.50819672131146,-163.93194673062905,-71.52905012109116
0.7628099918365479,-139.5737704918033,-164.4352761686398,-66.1224986001879
0.7740797996520996,-141.63934426229508,-164.94172440256537,-60.69857658962263
0.7854218482971191,-143.70491803278688,-165.4512998503423,-55.25697879335405
0.7967538833618164,-146.0655737704918,-165.96400733212053,-15.824305411779193
0.808037519454956,-148.13114754098362,-166.479848082577,-43.12734041759322
0.8193783760070801,-149.9016393442623,-166.99881976036792,-71.59793645004149
0.8308253288269043,-151.37704918032787,-167.52091645533838,-101.24163747401134
0.8420953750610352,-152.55737704918033,-168.04612869407995,-132.06397362943545
0.8534252643585205,-154.91803278688525,-168.57444344440032,5.794948778987219
0.8647017478942871,-156.98360655737704,-169.1058441192465,-21.4405362086749
0.8759832382202148,-159.04918032786884,-169.6403105805997,-15.868572181753706
0.8873782157897949,-160.52459016393442,-170.17781914383937,-78.22174757078785
0.8987197875976562,-162.0,-170.71834258305464,-74.99155471957197
0.9100737571716309,-163.7704918032787,-171.26185013776055,-37.778160489234665
0.9214944839477539,-165.24590163934425,-171.80830752145854,-67.3082097055668
0.9328200817108154,-167.01639344262296,-172.3576769324607,-30.067251613028247
0.9441127777099609,-168.49180327868854,-172.90991706737856,-59.56875654822791
0.955390214920044,-169.672131147541,-173.46498313765784,-90.24441135669686
0.9666726589202881,-171.44262295081967,-174.02282688951937,-20.180349290055915
0.9785234928131104,-172.91803278688525,-174.58339662764678,-49.64403569412141
0.989814281463623,-174.39344262295083,-175.14663724293948,-46.3071865361418
1.0011017322540283,-175.86885245901638,-175.71249024462665,-42.95609681902013
1.0123732089996338,-177.04918032786884,-176.28089379701518,-73.56328052053992
1.0236566066741943,-178.52459016393442,-176.85178276111915,-37.40104500673432
1.0349299907684326,-180.0,-177.42508874139358,-34.009688442112946
1.0462186336517334,-181.18032786885246,-178.00074013776833,-64.57484478492091
1.057497501373291,-182.65573770491804,-178.5786622031499,-28.36879603714739
1.0687808990478516,-183.8360655737705,-179.15877710653066,-58.9048992878641
1.0801482200622559,-185.01639344262296,-179.7410040018156,-56.6416531372424
1.0914180278778076,-186.49180327868854,-180.32525910244496,-20.392206776977304
1.1026873588562012,-187.672131147541,-180.91145576186153,-50.88304942894449
1.1140267848968506,-188.85245901639345,-181.49950455983748,-48.57266702377764
1.125321626663208,-190.0327868852459,-182.08931339464513,-46.24728087019477
1.1365940570831299,-191.21311475409837,-182.68078758102175,-43.90625847500854
