0.0015728473663330078,176.1639344262295,177.93605398244307,101.02853589973549
0.013154029846191406,176.45901639344262,177.81802467664613,-11.111194389684258
0.02456831932067871,176.75409836065575,177.68509846817577,-14.84278675206486
0.03597211837768555,176.75409836065575,177.537275357032,-1.8604635331213348
0.047405242919921875,176.45901639344262,177.37570125880512,13.149807404936386
0.05883169174194336,176.45901639344262,177.19980321569994,-3.544366633148339
0.07034468650817871,176.45901639344262,177.01072714330678,-5.5212834968011055
0.08175539970397949,176.1639344262295,176.80904599942073,9.262818168232148
0.09315991401672363,176.1639344262295,176.59418682624667,-7.649893345042889
0.10467290878295898,175.86885245901638,176.36729553937488,6.984918523919694
0.11624884605407715,175.86885245901638,176.12894509660046,-10.007989804912883
0.12772703170776367,175.86885245901638,175.87913549792341,-12.329511960394541
0.1391446590423584,175.86885245901638,175.61843970113887,-14.70119657084011
0.15054774284362793,175.5737704918033,175.347430664042,-0.2965131132651282
0.16192841529846191,174.98360655737704,175.0666813444279,16.13730417308576
0.17351961135864258,174.68852459016392,174.77619174229656,0.929214913661319
0.18512582778930664,174.68852459016392,174.47596185764803,-16.415632392718916
0.1967926025390625,174.68852459016392,174.16771056386764,-18.97967004603742
0.2084217071533203,174.68852459016392,173.8508649031603,-21.635684614206703
0.2199101448059082,174.39344262295083,173.52599783332113,-7.499826876422297
0.23141908645629883,174.0983606557377,173.19425526994038,-8.109266780530756
0.24286556243896484,173.80327868852459,172.85506425522294,-8.799934824229004
0.2544245719909668,173.21311475409837,172.50957070475906,7.3446939963464475
0.26599740982055664,172.91803278688525,172.1577746185487,-8.129132566295777
0.27750372886657715,172.62295081967213,171.8002489543871,-8.860944361150928
0.28879785537719727,172.327868852459,171.43813962786442,-9.56821628661656
0.3000824451446533,172.0327868852459,171.0703007233904,-10.373618606630094
0.3117797374725342,171.7377049180328,170.69845111435052,-11.12191986574641
0.3230586051940918,171.14754098360655,170.32316375853983,4.956183434427937
0.33432960510253906,170.85245901639345,169.9432927403681,-10.629713063753204
0.34560585021972656,170.55737704918033,169.56112989101584,-11.363833269333075
0.356886625289917,170.2622950819672,169.17552929489278,-12.18021866811334
0.36815714836120605,169.9672131147541,168.7876368675892,-12.956279210243835
0.3794271945953369,169.37704918032787,168.39802556690026,3.105953681168092
0.39069581031799316,169.08196721311475,168.0066953928259,-12.418578514988898
0.4019801616668701,169.08196721311475,167.6142193031613,-29.99198276190814
0.4133319854736328,168.78688524590163,167.22059729790644,-16.000623326536996
0.42461490631103516,168.19672131147541,166.8264023348564,0.08290675422543536
0.4358863830566406,167.9016393442623,166.4322073718064,-15.379676897008979
0.4471564292907715,167.9016393442623,166.0380124087564,-32.911776268371625
0.4584333896636963,167.60655737704917,165.6438174457064,-18.8710962778872
0.4697082042694092,167.01639344262296,165.25076839824666,-2.697554179396599
0.48097968101501465,166.4262295081967,164.85886526637717,-1.2681064244047189
0.4922487735748291,166.13114754098362,164.46868100789305,-16.618601820020977
0.5035181045532227,165.54098360655738,164.07964266499923,-0.4139419485378557
0.5148084163665771,164.95081967213116,163.69232319549081,1.0793280103896432
0.5260813236236572,164.65573770491804,163.30786851495802,-14.170618586621638
0.5373516082763672,164.36065573770492,162.92570566560576,-14.67994270328943
0.5486266613006592,164.0655737704918,162.54583464743402,-15.174071892204633
0.5598952770233154,163.47540983606558,162.16940137603308,1.2349683635666135
0.571173906326294,163.18032786885246,161.79583289360778,-13.939141104543596
0.5824432373046875,163.18032786885246,161.42570215795328,-31.12981353335018
0.5937159061431885,162.88524590163934,161.05958212686468,-16.69070302927518
0.6049854755401611,162.29508196721312,160.69689984254686,-0.18832760056989706
0.6162798404693604,162.0,160.33822826279498,-15.203635738070018
0.6275527477264404,161.40983606557376,159.98356738760899,1.385256578781707
0.6388216018676758,161.11475409836066,159.63349017478404,-13.539438022341667
0.6500945091247559,160.81967213114754,159.28799662432016,-13.67845274211102
0.6614437103271484,160.52459016393442,158.94708673621733,-13.785840104563293
0.6727261543273926,160.2295081967213,158.61133346827066,-13.828889949174796
0.6840760707855225,159.9344262295082,158.28016386268504,-13.868862923399254
0.6953520774841309,159.34426229508196,157.95472383505074,3.010886297767243
0.7068037986755371,159.04918032786884,157.63386746977747,-11.708602859839386
0.7181611061096191,158.75409836065575,157.3187406824555,-11.576791279819162
0.729555606842041,158.45901639344262,157.00877051528977,-11.437680130456933
0.7408521175384521,158.1639344262295,156.70452992607528,-11.229905631905174
0.7521412372589111,157.5737704918033,156.40659187260727,5.873228896588476
0.7635214328765869,157.27868852459017,156.1138104392954,-8.618583499802448
0.7747941017150879,157.27868852459017,155.82733154173,-25.077420925922922
0.786137580871582,156.98360655737704,155.5465822221159,-9.950885377860612
0.7974991798400879,156.39344262295083,155.2715624804531,7.284482428278764
0.8088312149047852,156.0983606557377,155.00341823233185,-6.948226645889694
0.8202493190765381,156.0983606557377,154.74100356216195,-23.26632237110374
0.8315839767456055,155.80327868852459,154.4848914277385,-7.937492266205757
0.8428568840026855,155.50819672131146,154.23565478685657,-7.285525724154745
0.854215145111084,154.91803278688525,153.99214772392597,10.172390783905307
0.8655807971954346,154.91803278688525,153.75551615453693,-20.660077412373603
0.8768582344055176,154.62295081967213,153.5257600786895,-5.115895042487544
0.8881289958953857,154.327868852459,153.30230653858845,-4.309624888522444
0.8993990421295166,154.0327868852459,153.085728492029,-3.4257933508005394
0.9106700420379639,153.7377049180328,152.875452981216,-2.5256438880443444
0.9221029281616211,153.14754098360655,152.67262592173967,15.307486013476003
0.9333748817443848,152.85245901639345,152.4761013980098,1.554652968340819
0.9446501731872559,152.85245901639345,152.2864523678215,-14.188873993039053
0.9559578895568848,152.85245901639345,152.10425178896992,-15.09933755043945
0.9672870635986328,152.55737704918033,151.92892670365987,0.8305491571600712
0.978564977645874,152.55737704918033,151.76047711189142,-14.766890668168077
0.9898357391357422,152.55737704918033,151.59890301366454,-15.563719419032832
1.001110553741455,152.2622950819672,151.44535032456946,0.5739848974655679
1.0131397247314453,152.2622950819672,151.29867312901598,-14.872715374514412
1.0244827270507812,152.2622950819672,151.15887142700404,-15.518586848070466
1.0357797145843506,151.9672131147541,151.02709113412396,0.7702924697034446
1.0470645427703857,151.672131147541,150.90218633478543,2.2976078737734946
1.058406114578247,151.672131147541,150.78530294457875,-12.882472043764727
1.0697214603424072,151.672131147541,150.67586800570876,-13.286056680437932
1.080995798110962,151.37704918032787,150.57388151817548,3.1841009281904977
1.0922679901123047,151.37704918032787,150.47991643977403,-11.835653852089887
1.1035444736480713,151.37704918032787,150.3939727705044,-12.046019844484084
1.115103006362915,151.08196721311475,150.3160505103666,4.621607755263209
1.126384973526001,151.08196721311475,150.2455767015655,-10.261748605281065
1.1376583576202393,151.08196721311475,150.18369725969137,-10.27416905158644
