5.650520324707031e-05,-83.50819672131148,-80.58267741320533,26.329673772955317
0.010195732116699219,-83.21311475409836,-80.74263276985802,22.23433785816303
0.02032756805419922,-82.91803278688525,-80.89284267690114,18.226710989856983
0.030423641204833984,-82.62295081967213,-81.03342045893112,14.305773246669077
0.04058432579040527,-82.32786885245902,-81.16445851208528,10.470693063363697
0.050679683685302734,-82.0327868852459,-81.28602853951163,6.720825111608377
0.06077098846435547,-81.44262295081967,-81.39818169346476,0.39997131619414006
0.07085680961608887,-80.85245901639344,-81.50094862431077,-5.836406471255941
0.08095622062683105,-80.55737704918033,-81.5943394360671,-9.332661481980935
0.09104490280151367,-80.55737704918033,-81.6783435474326,-10.088698484270452
0.10113310813903809,-80.85245901639344,-81.7529294565736,-8.104233961621418
0.11119818687438965,-80.85245901639344,-81.81804440721992,-8.690268517438284
0.12131977081298828,-81.14754098360656,-81.87361395287866,-6.534656723448862
0.1314105987548828,-81.14754098360656,-81.91954141519255,-6.948003884273945
0.14150261878967285,-81.44262295081967,-81.95570723164073,-4.6177585273895545
0.15159153938293457,-81.73770491803279,-81.98196818689907,-2.1983694197964923
0.1616816520690918,-82.0327868852459,-81.99815652123432,0.3116732761041874
0.17177128791809082,-82.0327868852459,-82.00407890829182,0.25837179258672904
0.1818547248840332,-82.0327868852459,-81.99951529354358,0.29944432532084875
0.19193768501281738,-81.73770491803279,-81.98421758347857,-2.218613989011999
0.20202112197875977,-81.73770491803279,-81.95790817433243,-1.981829306696767
0.21210575103759766,-81.73770491803279,-81.92027830775757,-1.643160507523021
0.22223424911499023,-82.0327868852459,-81.87098623931453,1.456205813382283
0.23232698440551758,-82.0327868852459,-81.80965520401384,2.0081851310885526
0.24241971969604492,-82.0327868852459,-81.73587116133928,2.672241515159598
0.25250792503356934,-81.73770491803279,-81.6491803002328,0.7967215601999129
0.2625923156738281,-81.44262295081967,-81.54908628240872,-0.9581699843014917
0.2726776599884033,-81.14754098360656,-81.43504720008436,-2.5875559483001496
0.28276562690734863,-81.14754098360656,-81.30647222176769,-1.4303811434501768
0.2928483486175537,-81.14754098360656,-81.16271789713288,-0.13659222173686203
0.3029327392578125,-81.14754098360656,-81.00308408925815,1.3001120491356772
0.3130168914794922,-81.44262295081967,-80.82680949962375,5.542321060763271
0.32314252853393555,-81.14754098360656,-80.63306674831635,4.630268117611877
0.3332393169403076,-80.85245901639344,-80.42095696892827,3.8835184271865586
0.3433108329772949,-80.55737704918033,-80.18950387477864,3.310858569615249
0.3533954620361328,-80.26229508196721,-79.93764725046358,2.9218304835326308
0.3634822368621826,-79.67213114754098,-79.66423582057016,0.0710579427374256
0.3735671043395996,-79.08196721311475,-79.36801944594743,-2.574470095494064
0.3836507797241211,-78.78688524590164,-79.04764059760788,-2.346798165356134
0.3937363624572754,-78.78688524590164,-78.70162505965844,0.7673416761888348
0.4038228988647461,-78.78688524590164,-78.3283718163425,4.126620866032326
0.41391777992248535,-78.49180327868852,-77.92614208525717,5.090950740882178
0.4240434169769287,-78.19672131147541,-77.49304747034459,6.333064570177399
0.43413591384887695,-77.90163934426229,-77.0270372259915,7.871419064437077
0.44422173500061035,-77.60655737704919,-76.52588464966264,9.726054546478878
0.45430564880371094,-77.01639344262296,-75.9871726577345,9.262987063996064
0.4643900394439697,-76.42622950819673,-75.40827865118939,9.161557713066017
0.4744718074798584,-75.8360655737705,-74.78635884915732,9.447360521518561
0.48457932472229004,-75.24590163934427,-74.11833236473755,10.148123471460423
0.4946730136871338,-74.65573770491804,-73.40086542626067,11.29385050791636
0.5047571659088135,-74.06557377049181,-72.63035631690289,12.916957082300272
0.5148398876190186,-73.47540983606558,-71.80292182670632,15.052392084233304
0.5249590873718262,-72.88524590163935,-70.91438629547018,17.737736455522537
0.5350501537322998,-72.29508196721312,-69.96027468555509,21.01326553492227
0.5451321601867676,-71.70491803278688,-68.93581157317529,24.92195813650433
0.5551795959472656,-71.11475409836065,-67.83592849582374,29.50943042283221
0.5652618408203125,-70.52459016393442,-66.6552827468218,34.823766754013604
0.5753345489501953,-69.63934426229508,-65.38829145870079,38.25947523234862
0.5854172706604004,-68.75409836065573,-64.02918563790702,42.52421450473841
0.5954973697662354,-67.8688524590164,-62.57208964409632,47.67086533428065
0.6055843830108643,-66.68852459016394,-61.011132338944165,51.09653026097794
0.6156721115112305,-65.50819672131148,-59.34059658456926,55.508401230679944
0.6257920265197754,-64.32786885245902,-57.55511368575024,60.95479650037899
0.6359217166900635,-62.85245901639344,-55.64990837961709,64.82295573098716
0.6460144519805908,-61.08196721311475,-53.621097627536386,67.14782627020529
0.6561074256896973,-59.31147540983606,-51.46604225993215,70.6088983491352
0.6662430763244629,-57.540983606557376,-49.18374403717861,75.21515612440886
0.6763684749603271,-55.47540983606557,-46.775271750863794,78.30124276681602
0.6864960193634033,-53.40983606557377,-44.24418896699525,82.49082388720666
0.6967751979827881,-51.049180327868854,-41.59694411391367,85.07012592559664
0.7069129943847656,-48.68852459016394,-38.84317310590479,88.60816335833232
0.7170228958129883,-46.32786885245902,-35.995858815432584,92.98809033323792
0.7271320819854736,-43.67213114754098,-33.071294124199405,95.40753321007418
0.7377181053161621,-41.60655737704918,-30.088808920655964,103.65973610753892
0.7478787899017334,-39.24590163934426,-27.070246938170847,109.58089231056073
0.7580151557922363,-36.295081967213115,-24.039212879163184,110.30282179244938
0.7681503295898438,-33.049180327868854,-21.020147241963777,108.26129777314569
0.7782511711120605,-29.80327868852459,-18.03731676211341,105.89365733770062
0.7883353233337402,-26.557377049180328,-15.113824093453502,102.99197660154144
0.7984178066253662,-23.311475409836067,-12.27073673453305,99.36664807772715
0.8085029125213623,-19.770491803278688,-9.526413316111858,92.19670638450147
0.8185834884643555,-16.524590163934427,-6.896071442786884,86.65666849032789
0.8286993503570557,-12.98360655737705,-4.391604232036463,77.32802092806529
0.8387815952301025,-9.737704918032787,-2.0216208526318358,69.44475658860856
0.8488600254058838,-6.491803278688525,0.20833495321270926,60.30124408711111
0.8589398860931396,-3.540983606557377,2.2954436955430597,52.52784571890393
0.8690192699432373,-0.5901639344262295,4.239200625790541,43.464281041950926
0.8791327476501465,2.0655737704918034,6.040984216179092,35.7786940111856
0.8892130851745605,4.426229508196721,7.703637608711846,29.49667290463612
0.899289608001709,6.786885245901639,9.23108623038207,21.99780886032388
0.9093716144561768,8.852459016393443,10.62800442015265,15.97990863383286
0.9194583892822266,10.62295081967213,11.899535861780208,11.4892653789727
0.9295871257781982,11.80327868852459,13.051067001468684,11.230094816496843
0.9396846294403076,13.278688524590164,14.088049159939265,7.284245718141911
0.9497761726379395,14.459016393442623,15.015863253704648,5.011621742358228
0.959953784942627,15.934426229508198,15.83972043019773,-0.8523521937942107
0.9700400829315186,16.81967213114754,16.5645920720678,-2.2957205317176737
0.9801251888275146,17.40983606557377,17.19516321046088,-1.9320556960160182
0.990215539932251,17.704918032786885,17.735804174637128,0.2779752766521817
1.0002799034118652,18.0,18.190556145730568,1.715005311575112
1.0103704929351807,18.0,18.563127086745546,5.06814378070991
