0.0013189315795898438,-75.8360655737705,-77.33787799922455,-172.90516635495
0.012808084487915039,-76.1311475409836,-76.64355053503769,107.8443750476748
0.024208784103393555,-76.72131147540983,-75.98724971287385,141.40658954648399
0.03549671173095703,-76.1311475409836,-75.36893078726139,6.166837502516738
0.04678153991699219,-75.24590163934427,-74.78847513857372,-32.03705400067949
0.05807089805603027,-74.65573770491804,-74.24568931832803,-3.6170453386724164
0.06938934326171875,-74.36065573770492,-73.74030439995569,25.867774343686328
0.08084273338317871,-74.36065573770492,-73.2719756813425,56.43236386684467
0.09214234352111816,-74.06557377049181,-72.84028277689508,20.1458190288646
0.10357093811035156,-73.47540983606558,-72.44473012762063,-17.414444869114305
0.11497688293457031,-72.88524590163935,-72.08474794791636,-22.271432373339337
0.12631916999816895,-72.88524590163935,-71.75969361768341,40.74413262869534
0.1377716064453125,-72.88524590163935,-71.46885351828766,38.134243471393994
0.14911150932312012,-72.29508196721312,-71.21144530105794,-32.46346144145118
0.16042470932006836,-72.0,-70.9866205677338,-3.5577538095794115
0.1717052459716797,-72.29508196721312,-70.7934679338041,60.47980315787861
0.18310022354125977,-72.29508196721312,-70.63101643825625,24.96480380488536
0.19446492195129395,-71.70491803278688,-70.49823925706636,-45.711457293205896
0.20594310760498047,-71.40983606557377,-70.39405767294292,-16.845176184344194
0.21735000610351562,-71.70491803278688,-70.31734525047055,47.19133172786325
0.2286844253540039,-71.70491803278688,-70.26693216390451,11.712745820601212
0.23999333381652832,-71.70491803278688,-70.24160962440337,9.055466371846292
0.2513871192932129,-71.11475409836065,-70.24013435436922,-61.50519476662258
0.2626810073852539,-71.11475409836065,-70.26123305865721,1.4929688941447061
0.2742795944213867,-71.40983606557377,-70.30360684555373,32.94888295511281
0.28569960594177246,-71.11475409836065,-70.36593555441281,-36.25669963051398
0.29712700843811035,-71.11475409836065,-70.44688195148252,-5.848905271608869
0.3084864616394043,-71.40983606557377,-70.54509576054541,25.82411521213625
0.31976914405822754,-71.40983606557377,-70.65921750033071,-9.171757925216127
0.33105015754699707,-71.40983606557377,-70.78788210606689,-11.289849647638079
0.3423488140106201,-71.70491803278688,-70.92972231784701,20.661518984259562
0.35366344451904297,-71.70491803278688,-71.08337182355919,-14.039643031505369
0.3649437427520752,-72.0,-71.24746814886143,18.125446060707173
0.37634730339050293,-72.0,-71.42065529097717,-16.35265781955699
0.3876338005065918,-72.0,-71.60158609689995,-17.928818994451046
0.39893388748168945,-72.29508196721312,-71.7889243898743,14.587189019282
0.4102163314819336,-72.59016393442623,-71.98134685076413,14.4450964049894
0.42150211334228516,-72.59016393442623,-72.17754466312724,-19.53777799560026
0.43277812004089355,-72.59016393442623,-72.37622493250073,-20.60404857393689
0.44406676292419434,-72.88524590163935,-72.57611189160652,12.435690094866342
0.45534491539001465,-72.88524590163935,-72.77594790393316,-21.142659705926217
0.46662092208862305,-72.88524590163935,-72.97449427849557,-21.79533723009156
0.4780848026275635,-73.18032786885246,-73.17053190855539,11.666637607170598
0.48937368392944336,-73.47540983606558,-73.36286174675345,12.491873546570332
0.5006544589996338,-73.47540983606558,-73.55030512850331,-20.503311282878578
0.511929988861084,-73.47540983606558,-73.7317039546712,-20.562415854654493
0.5232138633728027,-73.47540983606558,-73.90592074355355,-20.46988988349939
0.5344996452331543,-74.06557377049181,-74.07183856100848,47.72278122088054
0.5457749366760254,-74.06557377049181,-74.22836083632025,-17.436320456648
0.5570597648620605,-73.77049180327869,-74.3744110700164,-50.83622108868291
0.5683388710021973,-74.06557377049181,-74.50893243842927,16.651842801682793
0.5797481536865234,-74.36065573770492,-74.63088729832599,18.73522392747325
0.5910344123840332,-74.36065573770492,-74.73925659342798,-12.98317203915822
0.6023170948028564,-74.65573770491804,-74.83303916312333,22.226077627423614
0.6136031150817871,-74.65573770491804,-74.91125095214025,-9.14864724064457
0.624885082244873,-74.65573770491804,-74.97292411840664,-7.564060721545659
0.6361608505249023,-74.65573770491804,-75.01710603476434,-5.8045454849692435
0.6474378108978271,-74.95081967213115,-75.0428581786254,30.10553594919946
0.65871262550354,-75.24590163934427,-75.0492549020559,33.41480997853528
0.6699867248535156,-75.24590163934427,-75.03538207311347,2.9398294603235255
0.6814932823181152,-74.95081967213115,-75.00033557754601,-28.535527931012282
0.6927869319915771,-74.65573770491804,-74.9432196681415,-27.04098716066008
0.704063892364502,-74.95081967213115,-74.86314514707122,42.586051501799766
0.7153892517089844,-74.95081967213115,-74.75922736445196,12.867950653384625
0.7266747951507568,-74.65573770491804,-74.63058401400593,-17.83687063208153
0.7379670143127441,-74.65573770491804,-74.47633270406628,18.415901154006068
0.7492742538452148,-74.65573770491804,-74.29558827917018,22.089758338031757
0.7605578899383545,-74.36065573770492,-74.08745986401864,-7.9967818704869496
0.7718350887298584,-74.36065573770492,-73.8510475975232,28.888558823987704
0.7832379341125488,-74.36065573770492,-73.5854390198861,33.21052879615516
0.7945570945739746,-74.06557377049181,-73.28970506995978,3.7890618824289675
0.8058435916900635,-73.47540983606558,-72.96289564331063,-26.58813102969071
0.8171300888061523,-73.18032786885246,-72.60403465316398,10.026644657143923
0.8284261226654053,-73.18032786885246,-72.21211452639962,48.073775618797846
0.8397080898284912,-72.88524590163935,-71.78609005454139,19.622044183029196
0.8509962558746338,-72.59016393442623,-71.32487150467625,24.222345563656454
0.862313985824585,-72.0,-70.82731687671904,-4.874152485880793
0.873610258102417,-71.40983606557377,-70.29222317045826,-0.9010766112526465
0.8849411010742188,-71.40983606557377,-69.71831649714721,71.3146329733145
0.8962359428405762,-71.11475409836065,-69.10424083441728,44.307182144965466
0.9075231552124023,-70.52459016393442,-68.4485451778269,16.448416612157168
0.918811559677124,-69.63934426229508,-67.74966878454019,-12.248265535648091
0.930161714553833,-69.04918032786885,-67.00592413052841,26.179132243079472
0.94146728515625,-68.75409836065573,-66.21547710696846,66.187364335423
0.9528632164001465,-68.1639344262295,-65.37632385676547,39.864018899439515
0.9641826152801514,-67.27868852459017,-64.48626348800349,12.80861365985325
0.9754793643951416,-66.09836065573771,-63.54286568295666,-14.948473271884954
0.9868960380554199,-65.50819672131148,-62.54343192798404,58.547816656404684
0.9981899261474609,-64.91803278688525,-61.48494869046605,67.0508026057986
1.0094680786132812,-63.73770491803279,-60.3640303183914,8.244163428372254
1.0207748413085938,-62.557377049180324,-59.17684866766177,15.701768278143883
1.032158613204956,-61.377049180327866,-57.91904536628085,23.927672310055776
1.0434761047363281,-60.49180327868852,-56.585621038058036,66.98769003364754
1.0547802448272705,-59.31147540983606,-55.17079346608653,44.26644584214367
1.0661284923553467,-57.83606557377049,-53.66781314144415,21.46798088809434
1.077873945236206,-56.36065573770492,-52.068719175812554,32.727838901549084
1.0891869068145752,-55.18032786885246,-50.36400986462669,79.44357014986409
1.100496768951416,-53.704918032786885,-48.54218792415627,61.15812206307516
1.111823558807373,-51.9344262295082,-46.58911615644741,43.791795217531984
1.1231632232666016,-50.16393442622951,-44.48707622161939,61.783526924598235
1.1346156597137451,-48.09836065573771,-42.213342850211454,49.02404265718782
