0.0014019012451171875,201.24590163934425,180.0,-64.20511475409833
0.012920856475830078,200.95081967213116,-176.13757032023497,-1140.0285243929961
0.024509191513061523,200.36065573770492,-171.23152516853034,-1131.7149251145408
0.03596758842468262,198.88524590163934,-165.0005824475364,-1116.601355667044
0.04748034477233887,197.40983606557376,-157.16288038155676,-1096.462619722745
0.05884861946105957,195.34426229508196,-147.56514137236704,-1069.0166882643844
0.07030153274536133,193.27868852459017,-136.40872050210086,-1036.6038273406978
0.08191633224487305,192.0983606557377,-124.43029912365455,-1004.0912101139479
0.09336256980895996,189.44262295081967,-112.73944990922807,-967.6994549588355
0.10510706901550293,186.78688524590163,-102.30631718086288,-934.7928941123746
0.11649727821350098,183.8360655737705,-93.5885725713916,-905.8905433067608
0.12787628173828125,181.18032786885246,273.4235177514651,205.1422909539807
0.13925576210021973,178.81967213114754,278.9712378819419,231.07075300504323
0.1506342887878418,177.63934426229508,283.3459673023683,250.06147057976153
0.16201543807983398,177.9344262295082,286.8077865935559,261.9568964796939
0.17337942123413086,179.40983606557376,289.564461606121,268.2240937710846
0.18477582931518555,181.18032786885246,291.7746974698725,271.9764020837254
0.1961379051208496,183.54098360655738,293.5578754163994,272.6643403300079
0.20764446258544922,185.9016393442623,295.00369645842943,272.3200814994951
0.21900534629821777,188.55737704918033,296.17996120500686,270.2493594759014
0.2303628921508789,191.50819672131146,297.1383961215429,266.59606959592116
0.24179911613464355,194.75409836065575,297.91889125808524,261.4694755312588
0.25322794914245605,198.0,298.55255443180494,255.84491633188486
0.26468729972839355,201.54098360655738,299.06391399758274,248.90154867814869
0.2762484550476074,205.37704918032787,299.47251682794894,240.68926073618348
0.287869930267334,209.21311475409837,299.7940973833184,232.13858729882318
0.2996845245361328,213.34426229508196,300.0414413416174,222.39451448979332
0.3114950656890869,217.47540983606558,300.225030137278,212.3723299004508
0.32291340827941895,221.60655737704917,300.35352695549454,202.09681106287547
0.3344900608062744,225.44262295081967,300.43414689183004,192.4802876772727
0.345966100692749,229.27868852459017,300.4729416453698,182.6547487852377
0.35747194290161133,233.40983606557376,300.4750205312649,171.7429768782173
0.36897754669189453,237.54098360655738,300.44472358821827,160.64252570572316
0.38142991065979004,240.19672131147541,300.3857583126572,153.82257557831176
0.393143892288208,243.7377049180328,300.3013085282891,144.19067468496104
0.4045071601867676,247.86885245901638,300.1941217267325,132.62682758123015
0.41585469245910645,252.0,300.06657963872556,120.9082234463105
0.42722296714782715,256.42622950819674,299.9207556418887,108.14894250615099
0.4387524127960205,260.55737704918033,299.75846175943735,96.13104209947177
0.45026326179504395,264.9836065573771,299.5812873702532,83.08197938521243
0.46175694465637207,269.11475409836066,299.3906312748736,70.78263777400612
0.47318053245544434,273.24590163934425,299.18772840200415,58.35120672122548
0.48478055000305176,276.4918032786885,298.9736721658219,48.46593421016284
0.49613380432128906,279.73770491803276,298.7494332737452,38.47377063972566
0.5074777603149414,282.9836065573771,298.515875621571,28.37710268458248
0.5188193321228027,285.6393442622951,298.273769786235,19.961529425347067
0.5302448272705078,287.7049180327869,298.02380452729153,13.241927839920312
0.5416514873504639,289.7704918032787,297.76659663010435,6.449497143073618
0.5530660152435303,291.24590163934425,297.5026993618572,1.3692253800307164
0.564415454864502,292.42622950819674,297.2326097621991,-2.876286659912971
0.575782299041748,293.60655737704917,296.95677495085937,-7.17106991386564
0.5871708393096924,293.9016393442623,296.6755976027871,-8.838820778034375
0.5985450744628906,293.9016393442623,296.38944071566823,-9.642559809220035
0.6102664470672607,293.60655737704917,296.0986317737837,-9.574915096505944
0.6216998100280762,293.3114754098361,295.80346639512186,-9.520341529175969
0.6330893039703369,293.0163934426229,295.5042115346809,-9.4781282108341
0.6444494724273682,292.42622950819674,295.20110830539113,-8.555898761886592
0.6558105945587158,291.8360655737705,294.8943744685762,-7.6383256733669604
0.6672017574310303,291.5409836065574,294.5842066379854,-7.616632356808623
0.6791093349456787,290.95081967213116,294.27078223485853,-6.7133745865305094
0.690509557723999,290.3606557377049,293.95426122599633,-5.813386489095958
0.7019031047821045,289.7704918032787,293.6347876722076,-4.916300838066967
0.7132880687713623,289.1803278688525,293.3124911106315,-4.021791128197513
0.724663496017456,288.2950819672131,292.98748779116755,-2.237830453544259
0.7360410690307617,287.7049180327869,292.65988178447884,-1.3411474677946096
0.7474195957183838,287.11475409836066,292.3297659766874,-0.44627282656706413
0.7589242458343506,286.5245901639344,291.9972229638803,0.44698785988919276
0.7704670429229736,285.9344262295082,291.66232585784036,1.3388021368714345
0.7825546264648438,285.6393442622951,291.3251390129513,1.3375749883579697
0.7939343452453613,285.6393442622951,290.9857186829777,0.4369342356921244
0.8053102493286133,285.9344262295082,290.644113615337,-1.3695137463809353
0.8167037963867188,285.9344262295082,290.3003655895545,-2.30470715780751
0.828108549118042,285.9344262295082,289.9545099057845,-3.253832368239337
0.8394856452941895,285.6393442622951,289.60657582858795,-3.3251096037312777
0.8508589267730713,285.344262295082,289.25658699054827,-3.403759072910775
0.8624861240386963,284.75409836065575,288.9045617597841,-2.5980327671437724
0.8738646507263184,284.4590163934426,288.55051357495677,-2.6849184819929715
0.8853466510772705,283.8688524590164,288.1944512509704,-1.8874504772504732
0.896733283996582,283.27868852459017,287.83637925821205,-1.0909054561071674
0.9082050323486328,282.6885245901639,287.476297977871,-0.29532647932198586
0.9196789264678955,282.0983606557377,287.1142039356083,0.4992317493258085
0.9311528205871582,281.8032786885246,286.7500900156067,0.40096574015605313
0.9426190853118896,281.5081967213115,286.3839456568264,0.29504504203583615
0.9540863037109375,281.5081967213115,286.01575703310317,-0.7103545022745141
0.9654898643493652,281.5081967213115,285.6455072185654,-1.7300831149482434
0.9768826961517334,281.21311475409834,285.2731763397006,-1.8725084950198614
0.9884462356567383,280.91803278688525,284.89874171527526,-2.0229908702320873
1.0000102519989014,280.62295081967216,284.5221779851971,-2.1816531611856966
1.01143479347229,280.0327868852459,284.1434572293109,-1.4568888779961569
1.0230014324188232,279.73770491803276,283.76254907702594,-1.6258208617137768
1.0344269275665283,279.1475409836066,283.3794208085978,-0.9116125075698669
1.045896053314209,278.55737704918033,282.9940374488138,-0.19966425485115913
1.057340145111084,277.9672131147541,282.60636185376916,0.5098620355519792
1.0687885284423828,277.672131147541,282.2163547913662,0.3250596701465387
1.080674409866333,277.37704918032784,281.82397501611786,0.1309986144283375
1.0921292304992676,277.37704918032784,281.42917933879266,-0.9642415540610116
1.103571891784668,277.37704918032784,281.0319226914006,-2.075604278993577
1.1151173114776611,277.08196721311475,280.6321581879817,-2.311547686163948
1.126539945602417,276.78688524590166,280.22983718163056,-2.5575198609920644
1.1379761695861816,276.4918032786885,279.8249093181614,-2.813729216891632
1.1495213508605957,276.1967213114754,279.4173225867947,-3.080390281295532
