0.0013155937194824219,174.98360655737704,177.93605398244307,59.3875942209756,2.952447425066026
0.012618303298950195,174.98360655737704,177.81802467664613,12.74063527056935,2.8344181192690883
0.023913145065307617,175.5737704918033,177.68509846817577,-0.02034467463844436,2.111327976372479
0.03519034385681152,175.5737704918033,177.537275357032,7.862513176576153,1.963504865228714
0.04646444320678711,175.27868852459017,177.37570125880512,12.774559048896782,2.0970127342149567
0.05774188041687012,175.27868852459017,177.19980321569994,7.243660606306223,1.9211146911097785
0.0690157413482666,175.5737704918033,177.01072714330678,0.15246677266356556,1.4369566515034933
0.08030986785888672,175.5737704918033,176.80904599942073,3.364835358095209,1.2352755076174446
0.09166455268859863,175.86885245901638,176.59418682624667,-3.86145474527378,0.725334367230289
0.10294318199157715,175.86885245901638,176.36729553937488,-0.7727787359804674,0.4984430803584985
0.11445856094360352,175.86885245901638,176.12894509660046,-2.1614144017005215,0.26009263758407997
0.12589764595031738,175.5737704918033,175.87913549792341,2.3257047867044216,0.30536500612012674
0.137192964553833,175.27868852459017,175.61843970113887,2.339721976512157,0.33975117654870246
0.14848875999450684,175.27868852459017,175.347430664042,-3.6257392278789116,0.06874213945184238
0.1597745418548584,175.5737704918033,175.0666813444279,-11.142954168514153,-0.5070891473753818
0.17108559608459473,175.5737704918033,174.77619174229656,-8.350979385089815,-0.7975787495067266
0.18282198905944824,175.27868852459017,174.47596185764803,-4.100932788080338,-0.8027266669421351
0.19412994384765625,174.98360655737704,174.16771056386764,-4.292383894986408,-0.8158959935094003
0.2054593563079834,174.68852459016392,173.8508649031603,-4.536448873175151,-0.8376596870036224
0.21675419807434082,174.0983606557377,173.52599783332113,1.122436370818257,-0.5723628224165793
0.22811293601989746,174.0983606557377,173.19425526994038,-9.532608842887381,-0.9041053857973225
0.23939847946166992,173.80327868852459,172.85506425522294,-5.447959945324649,-0.9482144333016436
0.25070977210998535,173.80327868852459,172.50957070475906,-11.740279960112266,-1.293707983765529
0.2620260715484619,173.50819672131146,172.1577746185487,-7.7047446200713585,-1.3504221027627636
0.27330756187438965,173.21311475409837,171.8002489543871,-8.116416050006226,-1.412865799711284
0.28465914726257324,172.91803278688525,171.43813962786442,-8.534636289340844,-1.4798931590208326
0.2959554195404053,172.327868852459,171.0703007233904,-3.064180117564878,-1.257568129068602
0.3072638511657715,172.0327868852459,170.69845111435052,-7.949124222108313,-1.3343357708953931
0.3185429573059082,171.7377049180328,170.32316375853983,-8.417188302853045,-1.4145411594929556
0.32984304428100586,171.44262295081967,169.9432927403681,-8.926262140656565,-1.4993302104515749
0.34112119674682617,170.85245901639345,169.56112989101584,-3.4775938023292197,-1.2913291253776151
0.3524014949798584,170.55737704918033,169.17552929489278,-8.424434390262526,-1.3818477542875485
0.3637409210205078,169.9672131147541,168.7876368675892,-3.004518956738224,-1.1795762471648743
0.3750777244567871,169.672131147541,168.39802556690026,-7.945564756006926,-1.274105580640736
0.3865938186645508,169.37704918032787,168.0066953928259,-8.469616856649946,-1.3703537875019833
0.3978731632232666,168.78688524590163,167.6142193031613,-3.055902725505419,-1.1726659427403376
0.4091484546661377,168.49180327868854,167.22059729790644,-8.008835230059606,-1.2712059807820992
0.4204826354980469,168.19672131147541,166.8264023348564,-8.530337504903724,-1.3703189766190178
0.4317605495452881,167.60655737704917,166.4322073718064,-3.108225997997998,-1.1743500052427578
0.44318556785583496,167.31147540983608,166.0380124087564,-8.046908191027406,-1.2734630010796764
0.4544682502746582,166.72131147540983,165.6438174457064,-2.6243414610372158,-1.0774940297034448
0.4657447338104248,166.4262295081967,165.25076839824666,-7.539518682656673,-1.1754611099500494
0.4770174026489258,165.8360655737705,164.85886526637717,-2.0875805809867645,-0.977200307393332
0.488370418548584,165.54098360655738,164.46868100789305,-6.979039519010862,-1.0723025986643222
0.49964356422424316,164.95081967213116,164.07964266499923,-1.5119640361631932,-0.8711770071319336
0.5110344886779785,164.65573770491804,163.69232319549081,-6.388272128501624,-0.9634145094272242
0.5223679542541504,164.0655737704918,163.30786851495802,-0.8714577129760852,-0.7577052555337787
0.5336427688598633,163.7704918032787,162.92570566560576,-5.7122635560433785,-0.8447861376729406
0.5449810028076172,163.18032786885246,162.54583464743402,-0.18004189621857147,-0.6344932214184382
0.5562529563903809,162.88524590163934,162.16940137603308,-4.973774836523509,-0.7158445256062578
0.5675418376922607,162.29508196721312,161.79583289360778,0.599882795386272,-0.4992490736053412
0.5788252353668213,162.0,161.42570215795328,-4.160978917841187,-0.5742978420467182
0.5901846885681152,162.0,161.05958212686468,-10.402341180415991,-0.940417873135317
0.6014649868011475,161.70491803278688,160.69689984254686,-6.2747207765567685,-1.0080181902400227
0.6127974987030029,161.40983606557376,160.33822826279498,-6.5445396848134845,-1.0716078027787717
0.6240692138671875,161.11475409836066,159.98356738760899,-6.79414391360792,-1.1311867107516775
0.6354930400848389,160.81967213114754,159.63349017478404,-7.011989738462952,-1.186181956363498
0.6468236446380615,160.52459016393442,159.28799662432016,-7.206649983094688,-1.2365935396142618
0.6581001281738281,160.2295081967213,158.94708673621733,-7.378103104289605,-1.2824214605039685
0.6693811416625977,159.63934426229508,158.61133346827066,-1.5793174387722972,-1.028010794024425
0.6807117462158203,159.34426229508196,158.28016386268504,-6.126201106268547,-1.0640984323969178
0.6920056343078613,158.75409836065575,157.95472383505074,-0.2650458253660979,-0.7993745256050033
0.7032792568206787,158.45901639344262,157.63386746977747,-4.758105772175664,-0.8251489236651537
0.7145483493804932,158.1639344262295,157.3187406824555,-4.778563544257846,-0.84519374377399
0.7258384227752686,157.86885245901638,157.00877051528977,-4.781335328808054,-0.8600819437266125
0.7371153831481934,157.27868852459017,156.70452992607528,1.189207597276114,-0.5741585985148845
0.7484056949615479,157.27868852459017,156.40659187260727,-9.095275690405929,-0.8720966519829005
0.7596757411956787,156.98360655737704,156.1138104392954,-4.584029193386278,-0.8697961180816378
0.7709417343139648,156.98360655737704,155.82733154173,-10.385062324519286,-1.1562750156470543
0.7822146415710449,156.68852459016392,155.5465822221159,-5.805016446951585,-1.141942368048035
0.7935616970062256,156.39344262295083,155.2715624804531,-5.6218276417899835,-1.12188014249773
0.8048346042633057,156.0983606557377,155.00341823233185,-5.386189723496937,-1.094942423405854
0.8161025047302246,155.50819672131146,154.74100356216195,0.7971763864719215,-0.7671931591495138
0.8273732662200928,155.21311475409837,154.4848914277385,-3.3388018896075615,-0.7282233263598812
0.8387668132781982,155.21311475409837,154.23565478685657,-8.940092291433459,-0.9774599672417992
0.8500628471374512,154.91803278688525,153.99214772392597,-4.168723012879164,-0.9258850629592814
0.8614346981048584,154.91803278688525,153.75551615453693,-9.706471265702419,-1.1625166323483143
0.8727133274078369,154.62295081967213,153.5257600786895,-4.848450845985549,-1.0971907409826258
0.8846778869628906,154.327868852459,153.30230653858845,-4.3927116901222565,-1.0255623138705516
0.8959677219390869,154.327868852459,153.085728492029,-9.82836067280789,-1.2421403604299996
0.907264232635498,154.0327868852459,152.875452981216,-4.879671605559342,-1.1573339040299118
0.9185364246368408,153.7377049180328,152.67262592173967,-4.30152812825644,-1.0650789962931242
0.9298114776611328,153.44262295081967,152.4761013980098,-3.7079042071581307,-0.9665215528098656
0.9410955905914307,153.14754098360655,152.2864523678215,-3.0700566123318733,-0.8610886157850359
0.9523663520812988,152.55737704918033,152.10425178896992,3.550462724178355,-0.4531252602104132
0.9636387825012207,152.55737704918033,151.92892670365987,-6.09772879165003,-0.6284503455204629
0.9749164581298828,152.55737704918033,151.76047711189142,-6.859119232168075,-0.796899937288913
0.9862744808197021,152.2622950819672,151.59890301366454,-1.6506500530490036,-0.6633920683026702
0.9975481033325195,151.9672131147541,151.44535032456946,-0.8095670600026761,-0.5218627901846276
1.0088233947753906,151.672131147541,151.29867312901598,0.050158473614449584,-0.3734580185250138
1.0200979709625244,151.37704918032787,151.15887142700404,0.9457475964754494,-0.21817775332382894
1.0313730239868164,151.37704918032787,151.02709113412396,-4.0352028741778945,-0.34995804620390913
1.0426573753356934,151.37704918032787,150.90218633478543,-4.57256585104873,-0.4748628455424466
1.0539391040802002,151.37704918032787,150.78530294457875,-5.05230004533504,-0.5917462357491274
1.0652105808258057,151.37704918032787,150.67586800570876,-5.503081364430859,-0.7011811746191086
1.0765340328216553,151.08196721311475,150.57388151817548,0.019204812214232536,-0.5080856949392683
1.0878300666809082,151.08196721311475,150.47991643977403,-4.769694748271297,-0.6020507733407214
1.0991134643554688,151.08196721311475,150.3939727705044,-5.091779335141926,-0.6879944426103464
1.110386848449707,150.78688524590163,150.3160505103666,0.562244489930221,-0.4708347355350213
1.1216955184936523,150.78688524590163,150.2455767015655,-4.114923561348095,-0.5413085443361183
1.1329638957977295,150.78688524590163,150.18369725969137,-4.305046988955787,-0.6031879862102585
