0.0017850399017333984,0.0,0.0,0.0
0.013303279876708984,0.0,-138.0320918461477,-417.13298155905835
0.02498173713684082,-0.29508196721311475,-138.38527774718636,-420.3452776676944
0.03656291961669922,-1.180327868852459,-138.74035636244776,-421.78109643541967
0.04790616035461426,-2.9508196721311477,-139.09733866423406,-420.5357913487687
0.059285879135131836,-4.721311475409836,-139.4562355109511,-419.2651748078657
0.07063508033752441,-7.081967213114754,-139.81705763899387,-416.18584596824866
0.08206343650817871,-9.737704918032787,-140.17981565440417,-412.17663333592554
0.09342741966247559,-12.39344262295082,-140.54452002429764,-408.1228570336815
0.10485267639160156,-15.344262295081966,-140.9111810680584,-403.1328533615758
0.11624884605407715,-18.0,-141.27980894830105,-398.9836796844124
0.127946138381958,-20.950819672131146,-141.6504136615974,-393.8984258756762
0.13937807083129883,-23.311475409836067,-142.02300502896824,-390.5458864162949
0.1507880687713623,-25.9672131147541,-142.39759268613898,-386.26390462362343
0.16219425201416016,-28.62295081967213,-142.77418607355924,-381.9377988467157
0.1737351417541504,-31.57377049180328,-143.15279442618655,-376.6759034147605
0.18523907661437988,-34.52459016393443,-143.53342676303416,-371.3635358140902
0.19665932655334473,-37.47540983606557,-143.91609187648476,-366.0007671429377
0.20809602737426758,-40.42622950819672,-144.30079832137056,-360.58766797509156
0.21950888633728027,-43.08196721311475,-144.6875544038219,-356.01604602588696
0.23117446899414062,-45.14754098360656,-145.0763681698866,-353.1842002107038
0.24259495735168457,-48.09836065573771,-145.46724739392258,-347.6464943746584
0.25400352478027344,-50.75409836065574,-145.86019956676685,-342.9504720049715
0.2655069828033447,-53.704918032786885,-146.25523188368516,-337.3192168440528
0.27691006660461426,-56.65573770491803,-146.65235123210542,-331.63804137051824
0.28830695152282715,-59.90163934426229,-147.0515641791413,-325.01527363996047
0.29974865913391113,-62.85245901639344,-147.45287695890974,-319.22796215760775
0.3111846446990967,-66.09836065573771,-147.85629545964971,-312.4991873074809
0.3227372169494629,-69.34426229508196,-148.26182521064845,-305.7142580265868
0.33443164825439453,-71.40983606557377,-148.6694713689822,-302.4401871667876
0.3458564281463623,-74.36065573770492,-149.07923870608016,-296.4608389869923
0.35742878913879395,-77.60655737704919,-149.4911315941199,-289.54027336585426
0.368818998336792,-80.85245901639344,-149.90515399226382,-282.5637949317224
0.38035011291503906,-84.09836065573771,-150.32130943274683,-275.5314612082328
0.39180493354797363,-86.75409836065573,-150.73960100682677,-270.2268038739344
0.4032292366027832,-90.29508196721312,-151.16003135060845,-262.20417297204193
0.4146537780761719,-93.54098360655738,-151.58260263075462,-255.01109751298
0.42606663703918457,-96.78688524590164,-152.00731653009709,-247.76238378122687
0.43746042251586914,-100.32786885245902,-152.4341742331619,-239.56634478912468
0.4488179683685303,-103.57377049180327,-152.86317641162458,-232.20001333671598
0.4601755142211914,-106.81967213114754,-153.2943232097099,-224.7781911366675
0.4716203212738037,-109.77049180327869,-153.7276142295547,-218.19266187318652
0.48297619819641113,-113.01639344262296,-154.16304851655002,-210.66648622776611
0.4943385124206543,-116.26229508196721,-154.60062454468206,-203.0849526423092
0.5056991577148438,-119.21311475409836,-155.04034020189098,-196.339839557394
0.5170252323150635,-122.45901639344262,-155.48219277546772,-188.65420224049592
0.528419017791748,-125.40983606557377,-155.9261789375105,-181.80506125341347
0.5398993492126465,-128.65573770491804,-156.37229473046295,-174.01546796879998
0.5513689517974854,-131.60655737704917,-156.82053555275613,-167.06243893915166
0.5627460479736328,-134.55737704918033,-157.2708961445793,-160.06075911832647
0.5741140842437744,-137.50819672131146,-157.72337057380315,-153.01045721435946
0.5855147838592529,-140.45901639344262,-158.17795222208125,-145.9115597310303
0.596942663192749,-143.40983606557376,-158.63463377115573,-138.76409091138316
0.60843825340271,-146.36065573770492,-159.0934071893943,-131.56807268164255
0.6199038028717041,-149.31147540983608,-159.5542637185861,-124.32352459561697
0.6316616535186768,-152.2622950819672,-160.0171938610245,-117.03046377967806
0.6432392597198486,-154.0327868852459,-160.48218736690643,-113.25585569808423
0.6546895503997803,-157.27868852459017,-160.94923322207677,-105.0000403289072
0.6661505699157715,-160.2295081967213,-161.41831963614885,-97.58099440639745
0.6775603294372559,-163.18032786885246,-161.88943403103113,-90.11347891021873
0.6889603137969971,-166.13114754098362,-162.36256302989068,-82.59749803115986
0.7004163265228271,-168.78688524590163,-162.83769244658583,-75.92479092490635
0.7117912769317627,-171.7377049180328,-163.3148072755983,-68.31837264741671
0.723280668258667,-174.68852459016392,-163.7938916824977,-60.663484927752876
0.7348802089691162,-177.34426229508196,-164.27492899496968,-53.851858417812224
0.7463061809539795,-179.70491803278688,-164.75790169444014,-47.889974943665194
0.7577872276306152,-182.36065573770492,-165.24279140832707,-41.00083795532555
0.7691810131072998,-184.4262295081967,-165.72957890295214,-35.85315281441002
0.7805547714233398,-186.49180327868854,-166.21824407714365,-30.6764087230751
0.7919807434082031,-188.2622950819672,-166.70876595656182,-26.362321310734657
0.8033599853515625,-190.0327868852459,-167.2011226887774,-22.025619485222947
0.8148446083068848,-191.50819672131146,-167.69529153913413,-18.558012614088625
0.8262360095977783,-192.68852459016392,-168.1912488874242,-15.96596098694117
0.8377647399902344,-193.86885245901638,-168.6889702254061,-13.364183985190095
0.8491053581237793,-194.75409836065575,-169.1884301551924,-11.644381369110704
0.8604605197906494,-195.34426229508196,-169.68960238853498,-10.81300374791573
0.8718066215515137,-196.2295081967213,-170.19245974703298,-9.093023052598596
0.8831641674041748,-196.81967213114754,-170.69697416328896,-8.261375142794904
0.8945150375366211,-197.11475409836066,-171.20311668303563,-8.324500777258407
0.9058489799499512,-197.70491803278688,-171.71085746825614,-7.505361997221613
0.9171931743621826,-198.0,-172.22016580131705,-7.5808847423939625
0.9285221099853516,-198.29508196721312,-172.73101009013382,-7.665762125909168
0.9398860931396484,-198.59016393442624,-173.2433578743842,-7.7599298437000215
0.9511582851409912,-198.59016393442624,-173.7571758327861,-8.75505798066959
0.9624335765838623,-198.88524590163934,-174.27242979145103,-8.874092000600996
0.973705530166626,-199.18032786885246,-174.78908473332532,-9.00220357560292
0.9849526882171631,-199.47540983606558,-175.30710480872673,-9.139315189566332
0.9962360858917236,-199.7704918032787,-175.82645334698324,-9.285346056657986
1.007505178451538,-200.0655737704918,-176.34709286917703,-9.440212141771141
1.0187766551971436,-200.36065573770492,-176.86898510199612,-9.603826184603435
1.0300438404083252,-200.65573770491804,-177.39209099269144,-9.776097727381043
1.041335105895996,-200.95081967213116,-177.91637072513618,-9.956933146241994
1.0526249408721924,-201.24590163934425,-178.4417837369803,-10.14623568628312
1.0639135837554932,-201.24590163934425,-178.96828873789173,-11.235643205185397
1.075204849243164,-201.54098360655738,-179.49584372887148,-11.448069199176203
1.0865280628204346,-201.8360655737705,-180.02440602262905,-11.668653668684456
1.0978095531463623,-202.13114754098362,-180.55393226499913,-11.897287758083664
1.1090939044952393,-202.13114754098362,-181.08437845738078,-13.025597415389356
1.1203787326812744,-202.4262295081967,-181.61569998017495,-13.2764844325161
1.1316704750061035,-202.4262295081967,-182.1478516171951,-14.42681502997452
1.1429543495178223,-202.72131147540983,-182.68078758102175,-14.699485494138557
