0.0012538433074951172,89.40983606557377,89.55323983922028,16.510219863696513
0.012537717819213867,89.40983606557377,89.15063759330968,-45.77264792840141
0.023816585540771484,89.40983606557377,88.75082110831134,-47.07556548681783
0.0350947380065918,88.81967213114754,88.35667047694169,19.90247127289389
0.04637575149536133,88.22950819672131,87.96820760632242,21.336022301050434
0.05764961242675781,88.22950819672131,87.58498667910523,-45.20101918285612
0.06896781921386719,87.93442622950819,87.20645416600888,-12.241593967260137
0.08024263381958008,87.63934426229508,86.83203769664654,-12.11774037184304
0.09151840209960938,87.04918032786885,86.46117354129738,21.929252230070723
0.10281872749328613,86.75409836065573,86.09331571167729,-10.82788347347066
0.11409401893615723,86.45901639344262,85.7279385403376,-10.848057424846619
0.12540960311889648,86.1639344262295,85.36453670024139,-10.917843841103807
0.13695502281188965,85.57377049180327,85.00262417678647,22.936070796827895
0.14826130867004395,85.27868852459017,84.64173282708589,-10.01329466907093
0.15954017639160156,85.27868852459017,84.28141081103593,-44.19812151530376
0.17081737518310547,84.98360655737704,83.9212210268072,-11.678255625070568
0.1821146011352539,84.39344262295081,83.56073961325673,21.97826963168509
0.19339418411254883,83.80327868852459,83.19955454787465,22.803927166387815
0.20469379425048828,83.80327868852459,82.83726435205578,-44.36105096961289
0.2160353660583496,83.80327868852459,82.47347690708999,-46.00915763506845
0.22730445861816406,83.21311475409836,82.10780838019767,20.231413891683605
0.23857641220092773,82.62295081967213,86.65780620467518,587.0573620020525
0.25000429153442383,82.91803278688525,88.8054122468982,229.29249519616297
0.2613365650177002,83.50819672131148,90.4057965098802,139.8821169338936
0.27267980575561523,85.27868852459017,91.74855961216001,-21.471355071198232
0.2840850353240967,86.75409836065573,92.93408659289325,-7.1910969700254945
0.2958834171295166,87.63934426229508,94.01037253289645,47.13630739031758
0.3072202205657959,88.52459016393442,95.00429265689108,38.54885014707061
0.3184974193572998,89.11475409836065,95.93240330809337,65.51168612595558
0.3298037052154541,90.0,96.80557250703204,26.70803860381327
0.3410792350769043,91.18032786885246,97.63125844259245,-12.64427585411688
0.35235095024108887,92.06557377049181,98.41474459265264,15.173660648309173
0.36362218856811523,92.65573770491804,99.15985942000749,44.44692307623065
0.37490320205688477,93.24590163934427,99.8694199985036,41.10651187474938
0.38617920875549316,93.8360655737705,100.54551812390555,37.86639106390979
0.39753270149230957,95.01639344262296,101.18971186874154,-33.273311610731064
0.40880370140075684,95.60655737704919,101.80315795920971,29.101051318650406
0.42009949684143066,96.19672131147541,102.38670580683372,25.876363000690212
0.43143367767333984,96.78688524590164,102.94096595700788,22.60164412655427
0.4427149295806885,97.37704918032787,103.46636104198578,19.25712870697281
0.4540407657623291,98.26229508196721,103.96316451659125,-18.146318491576878
0.4653651714324951,98.85245901639344,104.43153071170968,11.105229883029754
0.47670841217041016,99.14754098360656,104.87151862804221,41.43304675723064
0.48798632621765137,99.73770491803279,105.28311116453597,4.8877777821496515
0.4993937015533447,100.32786885245902,105.66623098859468,1.0027370320318063
0.5106773376464844,100.91803278688525,106.02075392220539,-3.0152016430916078
0.5219895839691162,101.50819672131148,106.34652048615511,-7.171173639102143
0.5332803726196289,101.80327868852459,106.64334607987098,22.503794530098386
0.544562816619873,101.80327868852459,106.91103015535505,53.22559508813376
0.5558381080627441,102.09836065573771,107.14936465588191,17.051712219304
0.5675451755523682,102.68852459016394,107.35814192400356,-20.45142820802843
0.5788333415985107,103.27868852459017,107.53716223242164,-25.317158787528463
0.5901134014129639,103.57377049180327,107.68624105093555,3.6411016031333716
0.601421594619751,103.57377049180327,107.80521612980661,33.643626674936115
0.6127071380615234,104.1639344262295,107.89395445227055,-37.22081653157655
0.623990535736084,104.45901639344262,107.95235908503207,-8.681213153060781
0.6353306770324707,104.45901639344262,107.9803759342939,20.911716881386564
0.646726131439209,104.45901639344262,107.97800039547914,17.59566577459002
0.6580116748809814,104.75409836065573,107.94528386684131,-19.809774677937202
0.6695394515991211,105.04918032786885,107.88234008037173,-24.543795342561967
0.6808290481567383,105.04918032786885,107.78935118774737,4.587563173190732
0.6921885013580322,105.04918032786885,107.6665735245908,0.8389403018948585
0.7034759521484375,105.34426229508196,107.51434296324257,-36.96630162897688
0.7147572040557861,105.04918032786885,107.33307975288096,25.882509640435586
0.726032018661499,105.04918032786885,107.12329273654315,-10.871317241580055
0.7373173236846924,105.04918032786885,106.885582827841,-14.88796931988228
0.7486019134521484,105.04918032786885,106.6206456263667,-18.941540547017848
0.7599515914916992,104.75409836065573,106.32927305039243,10.954392074685106
0.7714800834655762,104.75409836065573,106.01235386885884,-25.913480890604802
0.7827677726745605,104.75409836065573,105.67087302211324,-29.990139967729107
0.7940599918365479,104.75409836065573,105.30590963256184,-34.04812611419283
0.8053617477416992,104.45901639344262,104.91863362233072,-4.100035079015143
0.8166866302490234,103.8688524590164,104.5103008749911,27.08733597980601
0.8280091285705566,103.8688524590164,104.08224690198507,-42.38556204641263
0.8392918109893799,104.1639344262295,103.63587900095368,-80.18365394373798
0.8505768775939941,103.8688524590164,103.17266692189418,-17.167966648715993
0.8618545532226562,102.98360655737704,102.69413208693568,48.32426631593998
0.8732011318206787,102.39344262295081,102.2018354393806,14.395962101316918
0.88454270362854,102.39344262295081,101.69736402628685,-54.562300414791764
0.8958919048309326,102.39344262295081,101.18231644502832,-57.82184188434063
0.9071753025054932,101.80327868852459,100.6582873068021,6.995552614619895
0.9184517860412598,101.50819672131148,100.12685088791383,-27.587374929405378
0.9297440052032471,100.91803278688525,99.58954415203006,4.732079759396139
0.9410238265991211,100.91803278688525,99.04784933284863,-63.53337242772888
0.9524025917053223,100.62295081967213,98.50317626648096,-32.118195879503425
0.9637477397918701,100.0327868852459,97.9568446562274,0.6181845619167499
0.9751007556915283,99.73770491803279,97.41006643956702,-33.27162854892762
0.9864602088928223,99.44262295081967,96.86392840851308,-34.256295032217984
0.9978621006011963,98.85245901639344,96.31937521057922,-1.16156891054269
1.009148120880127,98.26229508196721,95.7771928291122,-0.7559209553179151
1.0204331874847412,97.9672131147541,95.23799260930242,-34.24247987093123
1.0317277908325195,97.37704918032787,94.70219586029124,-0.9134926927526719
1.043086051940918,96.49180327868852,94.17001902474148,33.641412550155835
1.0543630123138428,96.19672131147541,93.64145936498302,-32.51540035764204
1.065706491470337,95.90163934426229,93.11628106891703,-33.11578613732489
1.0770020484924316,95.60655737704919,92.59400162823118,-33.762732426051244
1.0883004665374756,95.01639344262296,92.07387828442555,-0.5150018272582555
1.099595069885254,94.1311475409836,91.554894272077,33.81196538107186
1.1108906269073486,93.8360655737705,91.03574450995936,-32.732433760449226
1.1222853660583496,93.54098360655738,90.51482029386996,-33.89348737746301
1.1335690021514893,92.95081967213115,89.99019242303504,-1.3152199914937501
