0.0013811588287353516,43.08196721311475,47.216305981140884,223.29563686109142
0.012807369232177734,43.08196721311475,47.61909531111785,38.374693559521134
0.02424025535583496,43.377049180327866,48.06829422250041,26.604454496244454
0.03565239906311035,43.67213114754098,48.56103792631293,29.621230131927536
0.046948909759521484,43.967213114754095,49.09503459137485,32.69081520055924
0.05827951431274414,43.967213114754095,49.66684647091541,51.679918136870896
0.06958484649658203,43.967213114754095,50.273608775958955,55.91755258880633
0.08092188835144043,43.967213114754095,50.91302967532495,60.17762406799845
0.09225678443908691,44.26229508196721,51.582817337832886,48.51389186817774
0.10361599922180176,44.26229508196721,52.27953401671196,67.48148015225432
0.1150979995727539,44.85245901639344,53.00088788078167,39.811386697692015
0.126539945602417,45.14754098360656,53.74458709886148,57.563192223472015
0.13788557052612305,45.442622950819676,54.50776688197573,60.500263178110586
0.14931988716125488,45.73770491803279,55.28813539894392,63.39635037463674
0.16065645217895508,46.032786885245905,56.08397377638063,66.2733809078685
0.17193937301635742,46.32786885245902,56.89184426751509,69.03178044259192
0.18325567245483398,46.622950819672134,57.710600956757034,71.78166573745236
0.19537353515625,47.21311475409836,58.53737905513082,58.488337132189294
0.20681095123291016,47.80327868852459,59.370459689251035,59.89080252829392
0.2183694839477539,48.68852459016394,60.2064051123469,45.197920507468595
0.22972893714904785,49.278688524590166,61.04464236662331,61.1765632449725
0.2410111427307129,49.868852459016395,61.88173370530942,62.22710589496034
0.25231003761291504,50.75409836065574,62.71538729722478,47.214363846236495
0.26377391815185547,51.34426229508197,63.54388426898396,62.785959568154134
0.27516770362854004,52.22950819672131,64.36378687381615,47.462112460691486
0.286543607711792,53.114754098360656,65.17394919613113,46.79535596851104
0.2979261875152588,53.704918032786885,65.97150644695326,61.87143990424918
0.3092374801635742,54.295081967213115,66.7530208795117,61.959280372716755
0.3205256462097168,55.18032786885246,67.51677362042108,45.95448924420404
0.3319246768951416,56.0655737704918,68.25932692291062,44.44568445813692
0.3432598114013672,56.950819672131146,68.97781599800467,42.69571574544026
0.354541540145874,57.83606557377049,69.66994901452271,40.72380011056191
0.36582279205322266,58.721311475409834,70.33286118348907,38.489538299366544
0.3771097660064697,59.606557377049185,70.96254180033785,35.91925939855754
0.3883848190307617,60.196721311475414,71.5566990338885,49.02676156802985
0.3997988700866699,61.08196721311475,72.11189513737028,31.114706790542584
0.4110991954803467,61.67213114754098,72.62583827960263,43.61081099127172
0.42239952087402344,62.26229508196721,73.09509071381477,41.00095754572321
0.43367743492126465,63.14754098360656,73.51621469323592,22.087635493741438
0.4450111389160156,63.73770491803279,73.8874913444807,33.57531617711699
0.4562957286834717,64.32786885245902,74.20548292077831,29.921149137927976
0.46758222579956055,64.91803278688525,74.4690435065385,25.988696323589032
0.47886037826538086,65.50819672131148,74.67473535499046,21.649036500617456
0.49013423919677734,65.80327868852459,74.82141255054394,32.94896446833106
0.5015482902526855,66.39344262295081,74.90735621981356,13.226447868824451
0.5128297805786133,66.68852459016394,74.93199340500419,23.915877585588383
0.5242218971252441,66.98360655737704,74.89417819052557,19.54077459169092
0.5355195999145508,67.27868852459017,74.79333761858254,14.880963052785681
0.546795129776001,67.57377049180329,74.62947168917512,9.964460605057361
0.5581183433532715,67.8688524590164,74.40372631789357,4.852527895961924
0.5693972110748291,67.8688524590164,74.11610150473791,15.424627400746289
0.5806770324707031,67.8688524590164,73.76774316529836,11.053506635856017
0.5919554233551025,68.1639344262295,73.36094313075547,-9.378234399944368
0.6033444404602051,68.1639344262295,72.89627435890438,0.6710754072227836
0.6146299839019775,68.1639344262295,72.37660163872071,-4.115686218015412
0.6259255409240723,68.1639344262295,71.80307088579477,-9.066319502237725
0.6372003555297852,67.8688524590164,71.17911984689731,1.884390946983448
0.6484866142272949,67.57377049180329,70.50646739541371,-2.0316346503694547
0.6597659587860107,67.27868852459017,69.78797832031965,-5.992001364457945
0.6710402965545654,66.98360655737704,69.02537149500054,-10.047570658758435
0.6823453903198242,66.68852459016394,68.22265762402225,-14.068109226440505
0.6936335563659668,66.09836065573771,67.38040966517994,-2.2862308665549413
0.7049953937530518,65.50819672131148,66.50263832303952,-5.202885246300063
0.7162876129150391,64.91803278688525,65.59106247098637,-8.17202811560308
0.7275776863098145,64.0327868852459,64.64797394020104,4.781217662409415
0.7388966083526611,63.44262295081967,63.67509160406891,-12.991119885877723
0.750187873840332,62.85245901639344,62.675280251565624,-15.977932164392026
0.7615265846252441,62.26229508196721,61.65025875607658,-18.983989921189988
0.7728500366210938,61.67213114754098,60.60117303319204,-22.033598025941675
0.7841379642486572,60.786885245901644,59.53031491409253,-9.123134049193617
0.7955472469329834,59.90163934426229,58.439403272163446,-10.963095512551352
0.8068892955780029,59.016393442622956,57.329011065199914,-12.85458280934553
0.8181793689727783,57.83606557377049,56.20085716658732,1.203774765745388
0.8295395374298096,56.950819672131146,55.05666044971107,-15.407209361265355
0.8408341407775879,56.36065573770492,53.89642091457115,-33.268393386190354
0.8521621227264404,55.47540983606557,52.721857434552966,-20.415298106978653
0.8634581565856934,54.295081967213115,51.5329700096565,-6.439256333988407
0.8747687339782715,53.40983606557377,50.33147751326717,-23.119378233810714
0.8860559463500977,52.22950819672131,49.11795290318008,-9.130788075916374
0.8977546691894531,51.049180327868854,47.89182322160012,-9.975822472532979
0.9090640544891357,49.868852459016395,46.65480734191267,-10.779024872418237
0.9203946590423584,48.68852459016394,45.40633230632261,-11.657393257337752
0.9316897392272949,47.50819672131148,44.14754403042019,-12.520503428064337
0.9429793357849121,46.032786885245905,42.87729659861515,2.4497318516361757
0.9542820453643799,44.85245901639344,41.596162968702636,-13.284462419110223
0.9656119346618652,43.967213114754095,40.304143140682626,-30.246597090404308
0.9769270420074463,42.78688524590164,39.00066415676001,-16.595923196050958
0.9882142543792725,41.60655737704918,37.685726016934765,-17.746530388674646
0.9996216297149658,40.42622950819672,36.357036890026386,-19.068216701236793
1.0109550952911377,39.24590163934426,35.01516973383,-20.415582634067974
1.0222508907318115,37.77049180327869,33.65725975936995,-6.034758060612418
1.0335757732391357,36.59016393442623,32.281588093260844,-22.501401951159213
1.044921875,35.114754098360656,30.885289946527028,-8.50447550593028
1.0562596321105957,33.63934426229508,29.464354614602584,-9.560186645374063
1.0675733089447021,32.459016393442624,28.011333646150817,-27.05381605826613
1.0789005756378174,30.98360655737705,26.518205632039894,-14.420596702002943
1.090205430984497,29.508196721311478,24.968927754006145,-17.568954755690008
1.1016559600830078,28.032786885245905,23.338289869063825,-22.304812266787394
1.1129560470581055,26.557377049180324,21.577590564626803,-29.998838979853424
1.124305009841919,24.786885245901644,19.57109236607866,-28.530868834630574
1.1355948448181152,23.311475409836063,16.87074227762709,-82.94173003132285
