0.0012793540954589844,-1.4754098360655739,-5.994857410453803,-104.4204803719677,-4.519447574388229
0.012581825256347656,-1.7704918032786885,-9.093413166521294,-101.42342900908761,-7.322921363242606
0.0238645076751709,-2.6557377049180326,-11.632189156745973,-97.6100565444168,-8.976451451827941
0.03517293930053711,-4.721311475409836,-13.91313413916178,-77.82538177760087,-9.191822663751944
0.04646897315979004,-6.786885245901639,-16.04224530586792,-76.1060276435738,-9.255360059966279
0.057749032974243164,-9.442622950819672,-18.06650519606512,-60.606361426860225,-8.623882245245447
0.06921911239624023,-12.39344262295082,-20.013988741714787,-46.9372806927087,-7.620546118763967
0.08053994178771973,-14.459016393442623,-21.90073876108059,-57.8914700340482,-7.441722367637967
0.09183096885681152,-17.114754098360656,-23.735922578884615,-41.65015100046309,-6.621168480523959
0.10324692726135254,-19.770491803278688,-25.527561604258697,-34.02483803777256,-5.757069800980009
0.11460471153259277,-22.42622950819672,-27.279666541768755,-26.13521245786541,-4.853437033572035
0.1259012222290039,-24.78688524590164,-28.99567513818557,-24.81813631772355,-4.2087898922839315
0.13718128204345703,-27.147540983606557,-30.6784521824848,-18.84544090200844,-3.5309111988782433
0.14846038818359375,-28.918032786885245,-32.3291435902567,-26.262264387662768,-3.4111108033714537
0.15975022315979004,-30.983606557377048,-33.949468234886666,-17.787955062740515,-2.9658616775096185
0.17102813720703125,-32.459016393442624,-35.539999074169835,-27.14046774359383,-3.0809826807272103
0.1824040412902832,-33.63934426229508,-37.101309065901326,-34.230610968412556,-3.461964803606243
0.1936933994293213,-35.114754098360656,-38.63339821008115,-29.84170876999128,-3.5186441117204907
0.20516371726989746,-36.59016393442623,-40.13683946450443,-29.655714287332106,-3.546675530078204
0.2165513038635254,-38.36065573770492,-41.6122057869663,-22.43312669032936,-3.2515500492613825
0.22785711288452148,-39.83606557377049,-43.058351261876496,-26.199146902626566,-3.2222856881060054
0.23917889595031738,-41.01639344262295,-44.47584884703015,-32.13299220691556,-3.4594554044072012
0.2505044937133789,-42.49180327868852,-45.864125584632134,-26.578521802726655,-3.3723223059436123
0.26178979873657227,-43.967213114754095,-47.223181474682455,-25.21304517801983,-3.25596835992836
0.2736318111419678,-45.14754098360656,-48.55301651718109,-30.427975814482963,-3.4054755335745313
0.28527355194091797,-45.442622950819676,-49.8524847965378,-51.40741837098231,-4.409861845718126
0.2968907356262207,-46.91803278688525,-51.12158631275258,-31.595658201846526,-4.203553525867328
0.3084228038787842,-48.39344262295082,-52.35974810803028,-29.228494893188618,-3.9663054850794595
0.31983017921447754,-50.16393442622951,-53.56697018237092,-19.791679034591645,-3.4030357561414135
0.33113694190979004,-51.63934426229508,-54.742106620184245,-21.318992452117406,-3.102762357889162
0.3425614833831787,-52.22950819672131,-55.88515742147024,-38.61196160171808,-3.6556492247489274
0.35396575927734375,-53.704918032786885,-56.99554962843377,-21.902217335063977,-3.290631595646886
0.36527466773986816,-55.18032786885246,-58.07271028327972,-18.19151988276905,-2.89238241442726
0.3767120838165283,-56.36065573770492,-59.11606642821295,-21.014161208774752,-2.755410690508036
0.388002872467041,-57.540983606557376,-60.125045105438325,-19.12271583002215,-2.584061498880949
0.3993265628814697,-58.721311475409834,-61.099646314955855,-16.951846047537472,-2.378334839546021
0.4108543395996094,-59.90163934426229,-62.0392970989704,-14.488152269252748,-2.1376577547081084
0.42231249809265137,-61.08196721311475,-62.94285154189171,-11.713588559157195,-1.8608843287769616
0.43383049964904785,-62.26229508196721,-63.810309643719776,-8.645173998301104,-1.5480145617525665
0.44545674324035645,-63.14754098360656,-64.64109844665948,-12.08728124378162,-1.4935574630529231
0.45685410499572754,-64.32786885245902,-65.43521795071081,-3.987929038131835,-1.1073490982517882
0.4681391716003418,-65.21311475409836,-66.19152224028348,-6.8071017865938845,-0.9784074861851195
0.47949957847595215,-66.09836065573771,-66.91058427317267,-4.906196050467326,-0.8122236174349666
0.4908444881439209,-67.27868852459017,-67.59125813378807,4.141584431393204,-0.312569609197908
0.5021288394927979,-67.8688524590164,-68.23354382212975,-4.558952257016053,-0.3646913631133515
0.5134069919586182,-68.45901639344262,-68.83686838040249,-4.082912263477648,-0.3778519869598682
0.5246961116790771,-69.04918032786885,-69.40180476640148,-3.3044038719717834,-0.35262443853262937
0.536052942276001,-69.93442622950819,-69.92720706453646,4.629604072645695,0.007219164971729697
0.5473294258117676,-70.52459016393442,-70.41364823260253,1.6284673500773599,0.11094193133189378
0.5586020946502686,-70.81967213114754,-70.86055531280456,-3.4347264063228615,-0.04088318165702276
0.5698912143707275,-70.81967213114754,-71.2685012629377,-10.58301065648406,-0.4488291317901627
0.5811853408813477,-71.11475409836065,-71.63691312520683,-6.160196127707193,-0.5221590268461824
0.5924663543701172,-71.70491803278688,-71.96579089961192,0.9742364921474311,-0.2608728668250393
0.6037647724151611,-72.0,-72.25570754394812,-2.826938775169426,-0.25570754394811956
0.6150631904602051,-72.29508196721312,-72.50666305821541,-1.886091986402207,-0.21158109100228728
0.626441240310669,-72.59016393442623,-72.71923040020896,-0.6425075504070472,-0.12906646578272785
0.6377460956573486,-72.88524590163935,-72.89340956992872,0.9125893241551626,-0.008163668289370207
0.649019718170166,-73.47540983606558,-73.02920056737473,9.597159389560744,0.44620926869085054
0.6602988243103027,-73.47540983606558,-73.12774930813723,0.5067234277250416,0.34766052792835467
0.6716163158416748,-73.18032786885246,-73.18962875001137,-6.2608977248947175,-0.00930088115890726
0.6829016208648682,-73.18032786885246,-73.21483889299712,-1.488993093370234,-0.03451102414466334
0.6941788196563721,-73.47540983606558,-73.20395269488962,5.958299518885984,0.2714571411759579
0.7054510116577148,-73.47540983606558,-73.1586890290743,2.4158563072035717,0.3167208069912846
0.7167932987213135,-73.47540983606558,-73.07847493775598,3.5917124234487083,0.3969348983095955
0.7281088829040527,-73.18032786885246,-72.9656022521152,-1.8195241402483635,0.21472561673725465
0.7393836975097656,-73.18032786885246,-72.82007097215198,4.27708085790168,0.3602568967004771
0.7506561279296875,-72.88524590163935,-72.64245405566142,-0.6181898915613191,0.24279184597793346
0.7619328498840332,-72.88524590163935,-72.43504333382407,5.9370894957883165,0.4502025678152819
0.7731995582580566,-72.88524590163935,-72.19841176443504,8.295346041559608,0.6868341372043147
0.7844855785369873,-72.88524590163935,-71.93313230528946,10.878302940889732,0.9521135963498892
0.7957758903503418,-72.59016393442623,-71.64149678756787,6.823956806041911,0.9486671468583552
0.8070573806762695,-72.29508196721312,-71.32350521127027,7.40943192901965,0.9715767559428485
0.8183274269104004,-72.0,-70.98202236537229,8.142432585255353,1.0179776346277123
0.8295989036560059,-71.70491803278688,-70.61704824987396,9.06604101835034,1.087869782912918
0.8408832550048828,-71.11475409836065,-70.23144765375092,3.2963972195582674,0.8833064446097296
0.8521728515625,-70.81967213114754,-69.82522057700317,8.936973246660912,0.9944515541443764
0.8634505271911621,-70.22950819672131,-69.40123180860635,3.43504316738578,0.8282763881149577
0.8747224807739258,-69.93442622950819,-68.96062726415074,9.293819047265718,0.9737989653574459
0.8860025405883789,-69.34426229508196,-68.50512581702175,4.004220873509168,0.8391364780602117
0.8972761631011963,-68.75409836065573,-68.03644634060473,3.221240167449256,0.7176520200510055
0.908545970916748,-68.1639344262295,-67.5563077082851,2.504778404499075,0.6076267179443988
0.9198195934295654,-67.57377049180327,-67.06642879344825,1.8409584895657987,0.5073416983550203
0.9310944080352783,-67.27868852459017,-66.5691014272747,8.020437558750091,0.7095870973154632
0.9423666000366211,-66.68852459016394,-66.06604448314984,2.977510754884886,0.6224801070140984
0.9536335468292236,-66.09836065573771,-65.55897683445906,2.367126512876457,0.5393838212786477
0.964900016784668,-65.50819672131148,-65.05076327017802,1.722667185774573,0.4574334511334541
0.976172685623169,-64.91803278688525,-64.54254970589697,1.0606339580794781,0.37548308098827476
0.9874465465545654,-64.32786885245902,-64.0372009305916,0.33202547379829705,0.2906679218674242
0.9987738132476807,-63.73770491803279,-63.536435817647245,-0.45991395084853826,0.20126910038554513
1.0100500583648682,-63.14754098360656,-63.04254619824448,-1.3423748301711782,0.10499478536208073
1.021320104598999,-63.14754098360656,-62.5578239035638,11.301596572580685,0.5897170800427602
1.032594919204712,-63.14754098360656,-62.083987806990606,14.981374683141375,1.0635531766159545
1.043884515762329,-63.14754098360656,-61.62447565529569,18.49572234573909,1.5230653283108708
1.055161952972412,-62.85245901639344,-61.18043336406931,15.051882075587562,1.6720256523241304
1.0664277076721191,-62.557377049180324,-60.75415276449197,15.856640777140289,1.8032242846883548
1.0779595375061035,-62.26229508196721,-60.34907160333449,16.438634822141402,1.9132234786327231
1.0892858505249023,-61.67213114754098,-59.96576283839196,10.01831242895535,1.7063683091490205
1.1005678176879883,-61.377049180327866,-59.607664216435204,14.585140805119309,1.7693849638926622
1.1118535995483398,-60.78688524590164,-59.276494610849575,7.664220823731556,1.5103906350520617
1.123182773590088,-60.19672131147541,-58.97397289502051,4.910347424303428,1.2227484164548983
1.1344666481018066,-59.90163934426229,-58.7023909001285,8.687767810330788,1.1992484441337936
